Begin date/time is: Fri Mar 11 21:10:57 2016
 	use time is 0 s 0 ms.
vertex 0 adjacent to : 1(12) 2(3) 3(1) 4(17) 5(9) 6(9) 7(6) 8(9) 
vertex 1 adjacent to : 552(4) 190(3) 230(11) 548(14) 107(7) 567(11) 110(19) 562(8) 
vertex 2 adjacent to : 267(14) 307(14) 568(19) 360(16) 198(16) 363(9) 181(4) 392(6) 
vertex 3 adjacent to : 286(15) 399(11) 207(19) 486(18) 159(1) 136(13) 487(6) 242(7) 
vertex 4 adjacent to : 487(11) 455(6) 311(18) 338(5) 182(11) 324(10) 252(4) 78(13) 
vertex 5 adjacent to : 581(10) 473(18) 169(14) 272(16) 414(8) 187(16) 493(10) 408(11) 
vertex 6 adjacent to : 535(15) 37(19) 536(14) 340(15) 141(1) 276(12) 537(7) 200(2) 
vertex 7 adjacent to : 318(2) 416(5) 317(10) 230(18) 172(3) 6(10) 332(13) 153(13) 
vertex 8 adjacent to : 150(10) 151(2) 152(13) 153(8) 108(14) 154(6) 43(8) 155(7) 
vertex 9 adjacent to : 10(7) 11(4) 12(7) 13(11) 14(2) 15(13) 16(8) 17(1) 
vertex 10 adjacent to : 451(8) 192(4) 359(5) 328(11) 528(6) 167(9) 492(2) 204(4) 
vertex 11 adjacent to : 418(18) 112(5) 209(14) 226(11) 384(9) 505(16) 76(15) 298(7) 
vertex 12 adjacent to : 378(10) 405(19) 599(14) 349(5) 532(11) 18(10) 263(7) 274(18) 
vertex 13 adjacent to : 62(19) 511(12) 175(4) 284(5) 399(2) 234(4) 288(12) 444(14) 
vertex 14 adjacent to : 207(1) 5(13) 108(14) 228(1) 165(19) 118(3) 592(12) 151(6) 
vertex 15 adjacent to : 170(15) 52(5) 54(1) 575(12) 532(3) 453(4) 55(4) 581(8) 
vertex 16 adjacent to : 581(8) 219(1) 482(9) 19(13) 111(14) 341(1) 501(19) 138(1) 
vertex 17 adjacent to : 534(8) 367(3) 588(12) 88(9) 330(17) 82(5) 554(16) 243(4) 
vertex 18 adjacent to : 19(16) 20(6) 21(5) 22(17) 23(16) 24(4) 25(11) 26(2) 
vertex 19 adjacent to : 432(19) 74(14) 135(18) 118(14) 239(1) 175(7) 26(2) 495(11) 
vertex 20 adjacent to : 303(1) 449(11) 192(5) 428(3) 114(1) 309(19) 356(1) 84(16) 
vertex 21 adjacent to : 0(9) 278(16) 517(13) 139(14) 332(4) 179(10) 159(7) 149(3) 
vertex 22 adjacent to : 444(8) 77(14) 186(3) 319(7) 70(6) 491(12) 492(2) 493(13) 
vertex 23 adjacent to : 349(7) 229(7) 27(18) 282(6) 325(16) 350(3) 106(18) 219(6) 
vertex 24 adjacent to : 201(13) 17(5) 504(2) 383(9) 89(6) 54(12) 449(19) 56(5) 
vertex 25 adjacent to : 296(13) 255(19) 297(11) 138(15) 298(19) 87(16) 299(17) 300(12) 
vertex 26 adjacent to : 374(4) 120(10) 92(10) 71(4) 204(9) 396(8) 31(15) 0(16) 
vertex 27 adjacent to : 28(10) 29(12) 30(19) 31(12) 32(7) 33(17) 34(7) 35(13) 
vertex 28 adjacent to : 520(12) 226(6) 35(13) 540(8) 334(12) 136(13) 296(11) 402(9) 
vertex 29 adjacent to : 245(4) 166(14) 10(11) 271(11) 360(18) 215(3) 23(10) 367(3) 
vertex 30 adjacent to : 150(9) 586(7) 306(1) 270(1) 461(11) 340(1) 57(5) 
vertex 31 adjacent to : 380(19) 495(19) 87(12) 565(18) 459(8) 231(16) 549(4) 166(17) 
vertex 32 adjacent to : 200(10) 338(13) 539(12) 210(5) 342(17) 234(10) 205(13) 261(19) 
vertex 33 adjacent to : 21(19) 329(15) 330(18) 116(2) 237(17) 331(15) 120(10) 16(12) 
vertex 34 adjacent to : 409(17) 508(16) 509(4) 352(18) 363(12) 510(5) 136(17) 64(7) 
vertex 35 adjacent to : 19(5) 108(10) 512(15) 86(8) 462(11) 334(12) 123(19) 245(1) 
vertex 36 adjacent to : 37(6) 38(6) 39(4) 40(8) 41(10) 42(5) 43(5) 44(12) 
vertex 37 adjacent to : 112(15) 219(16) 267(18) 527(10) 509(19) 463(3) 530(14) 266(13) 
vertex 38 adjacent to : 286(15) 261(8) 32(13) 281(13) 237(16) 149(16) 312(3) 429(15) 
vertex 39 adjacent to : 40(2) 3(13) 588(8) 575(16) 551(11) 190(18) 343(12) 285(8) 
vertex 40 adjacent to : 232(9) 25(2) 1(8) 260(15) 402(19) 28(11) 461(7) 51(7) 
vertex 41 adjacent to : 62(18) 201(13) 179(15) 29(10) 181(3) 39(2) 256(1) 553(12) 
vertex 42 adjacent to : 530(1) 23(13) 61(7) 221(10) 117(15) 197(12) 39(8) 36(10) 
vertex 43 adjacent to : 485(9) 529(1) 469(8) 89(9) 158(4) 308(8) 530(18) 126(1) 
vertex 44 adjacent to : 307(9) 56(16) 358(5) 423(14) 413(5) 359(15) 252(8) 42(17) 
vertex 45 adjacent to : 29(14) 46(18) 47(17) 48(1) 49(4) 50(4) 51(4) 52(13) 
vertex 46 adjacent to : 145(15) 490(13) 420(18) 168(16) 147(13) 76(3) 542(1) 441(15) 
vertex 47 adjacent to : 538(10) 519(8) 283(15) 72(9) 504(7) 11(8) 495(19) 371(14) 
vertex 48 adjacent to : 206(1) 169(16) 123(16) 59(7) 70(3) 341(18) 572(8) 175(11) 
vertex 49 adjacent to : 157(6) 8(2) 501(1) 52(19) 299(17) 175(8) 331(15) 237(19) 
vertex 50 adjacent to : 483(8) 229(13) 577(4) 517(19) 201(10) 443(18) 446(12) 205(7) 
vertex 51 adjacent to : 200(16) 214(11) 430(3) 394(16) 205(14) 220(3) 11(4) 150(16) 
vertex 52 adjacent to : 306(8) 553(19) 490(2) 362(7) 485(14) 497(16) 12(3) 162(8) 
vertex 53 adjacent to : 54(4) 42(10) 55(17) 6(13) 56(10) 57(3) 58(5) 59(6) 
vertex 54 adjacent to : 98(4) 457(2) 184(7) 216(19) 326(2) 526(3) 177(4) 413(12) 
vertex 55 adjacent to : 252(15) 547(1) 30(3) 100(15) 299(3) 275(1) 177(8) 334(1) 
vertex 56 adjacent to : 279(10) 442(1) 45(18) 443(18) 444(4) 325(12) 445(11) 380(2) 
vertex 57 adjacent to : 496(12) 497(16) 498(16) 409(3) 292(16) 490(17) 247(14) 499(11) 
vertex 58 adjacent to : 511(11) 506(16) 514(15) 204(3) 65(9) 253(4) 560(13) 591(2) 
vertex 59 adjacent to : 169(6) 276(8) 318(1) 572(3) 482(15) 203(12) 456(11) 110(15) 
vertex 60 adjacent to : 61(4) 3(19) 62(2) 63(10) 64(15) 65(8) 66(6) 39(4) 
vertex 61 adjacent to : 547(8) 562(11) 353(14) 252(14) 209(2) 73(19) 136(16) 
vertex 62 adjacent to : 203(18) 173(1) 546(6) 138(15) 236(1) 284(11) 373(5) 594(18) 
vertex 63 adjacent to : 480(5) 78(19) 559(1) 486(10) 182(2) 520(8) 347(2) 68(4) 
vertex 64 adjacent to : 434(8) 385(15) 182(2) 347(5) 169(8) 339(14) 289(1) 
vertex 65 adjacent to : 119(12) 64(5) 486(1) 541(7) 205(1) 39(7) 17(9) 539(16) 
vertex 66 adjacent to : 496(17) 123(9) 300(11) 262(8) 209(7) 502(16) 398(7) 568(15) 
vertex 67 adjacent to : 68(15) 69(11) 70(6) 71(16) 72(19) 73(4) 74(7) 75(19) 
vertex 68 adjacent to : 101(15) 525(13) 549(10) 218(15) 437(14) 165(11) 577(5) 426(13) 
vertex 69 adjacent to : 205(10) 95(12) 520(13) 441(16) 540(11) 242(3) 2(1) 378(19) 
vertex 70 adjacent to : 16(4) 304(18) 439(4) 577(7) 465(9) 541(19) 242(5) 139(15) 
vertex 71 adjacent to : 524(7) 173(18) 285(5) 502(12) 369(11) 243(19) 471(13) 432(2) 
vertex 72 adjacent to : 462(18) 3(3) 268(11) 274(6) 395(1) 549(11) 111(6) 477(10) 
vertex 73 adjacent to : 38(19) 259(17) 303(18) 128(11) 412(4) 139(6) 284(15) 428(14) 
vertex 74 adjacent to : 528(14) 294(2) 176(1) 538(3) 84(5) 323(16) 253(8) 
vertex 75 adjacent to : 346(5) 26(5) 401(12) 213(2) 157(16) 392(2) 453(3) 387(12) 
vertex 76 adjacent to : 77(12) 78(7) 79(11) 80(16) 81(4) 82(10) 83(1) 84(5) 
vertex 77 adjacent to : 111(3) 569(11) 356(9) 598(7) 130(5) 528(11) 19(5) 240(18) 
vertex 78 adjacent to : 188(6) 118(9) 189(14) 190(11) 191(8) 192(14) 146(5) 7(15) 
vertex 79 adjacent to : 509(2) 427(18) 439(14) 570(14) 561(7) 188(16) 207(9) 543(6) 
vertex 80 adjacent to : 140(14) 351(16) 337(7) 147(1) 352(15) 353(2) 72(12) 254(3) 
vertex 81 adjacent to : 402(2) 487(3) 296(3) 254(14) 117(18) 255(3) 6(15) 263(4) 
vertex 82 adjacent to : 24(19) 46(3) 336(2) 60(11) 34(12) 337(15) 338(2) 221(7) 
vertex 83 adjacent to : 47(11) 21(6) 106(1) 434(16) 297(12) 291(15) 50(14) 203(1) 
vertex 84 adjacent to : 181(10) 229(4) 28(9) 162(18) 133(8) 308(1) 420(10) 470(5) 
vertex 85 adjacent to : 86(15) 87(17) 88(8) 89(1) 90(1) 91(15) 92(17) 93(12) 
vertex 86 adjacent to : 61(19) 402(19) 299(9) 403(11) 166(3) 197(6) 19(19) 445(12) 
vertex 87 adjacent to : 536(14) 361(2) 448(19) 388(1) 356(4) 460(3) 162(7) 372(7) 
vertex 88 adjacent to : 347(19) 236(15) 72(11) 492(13) 190(17) 56(4) 488(10) 266(13) 
vertex 89 adjacent to : 277(2) 182(14) 2(12) 31(16) 311(17) 152(5) 74(5) 585(14) 
vertex 90 adjacent to : 282(11) 315(7) 90(4) 478(10) 493(15) 126(10) 327(17) 285(12) 
vertex 91 adjacent to : 10(5) 571(4) 5(8) 275(6) 126(15) 155(5) 491(1) 133(5) 
vertex 92 adjacent to : 67(11) 391(9) 573(9) 99(15) 386(19) 220(6) 115(4) 470(1) 
vertex 93 adjacent to : 387(7) 447(16) 20(1) 47(11) 569(13) 64(2) 456(4) 485(8) 
vertex 94 adjacent to : 95(10) 6(1) 96(15) 97(17) 98(5) 99(14) 100(9) 101(13) 
vertex 95 adjacent to : 169(15) 27(15) 128(19) 155(15) 537(8) 550(16) 482(3) 257(3) 
vertex 96 adjacent to : 100(8) 138(14) 139(8) 140(9) 141(8) 142(19) 129(1) 
vertex 97 adjacent to : 548(10) 523(15) 227(6) 20(17) 367(17) 125(9) 300(13) 346(13) 
vertex 98 adjacent to : 235(16) 286(14) 436(19) 310(11) 510(7) 283(14) 233(6) 185(13) 
vertex 99 adjacent to : 240(17) 26(10) 437(4) 23(13) 329(18) 479(14) 370(8) 451(10) 
vertex 100 adjacent to : 423(17) 96(7) 389(17) 1(13) 326(4) 256(3) 517(19) 119(19) 
vertex 101 adjacent to : 232(19) 242(6) 42(13) 27(10) 404(1) 51(8) 389(16) 254(9) 
vertex 102 adjacent to : 103(10) 104(10) 105(7) 106(7) 99(17) 45(9) 107(11) 61(16) 
vertex 103 adjacent to : 261(17) 50(5) 474(3) 174(9) 158(8) 532(4) 41(19) 28(6) 
vertex 104 adjacent to : 522(6) 327(14) 203(18) 461(10) 487(14) 237(11) 33(4) 218(14) 
vertex 105 adjacent to : 160(14) 49(19) 594(15) 461(19) 205(4) 227(1) 265(12) 105(13) 
vertex 106 adjacent to : 27(2) 505(8) 71(1) 136(7) 552(18) 463(2) 585(12) 96(6) 
vertex 107 adjacent to : 166(6) 336(12) 179(6) 201(1) 106(2) 162(3) 416(18) 153(8) 
vertex 108 adjacent to : 109(13) 110(5) 111(13) 112(18) 113(10) 46(1) 68(4) 114(4) 
vertex 109 adjacent to : 15(4) 459(7) 67(9) 182(6) 14(1) 371(7) 263(2) 535(10) 
vertex 110 adjacent to : 193(12) 272(8) 273(19) 274(4) 275(14) 276(17) 277(1) 105(19) 
vertex 111 adjacent to : 384(19) 305(18) 435(2) 27(1) 61(14) 161(10) 83(7) 113(5) 
vertex 112 adjacent to : 267(16) 442(11) 356(10) 429(12) 94(5) 479(19) 347(5) 476(18) 
vertex 113 adjacent to : 215(3) 436(1) 346(17) 241(10) 437(18) 199(15) 130(4) 269(16) 
vertex 114 adjacent to : 176(8) 177(17) 178(17) 35(18) 179(1) 180(3) 181(4) 175(15) 
vertex 115 adjacent to : 116(2) 117(19) 118(19) 119(18) 115(18) 120(8) 121(12) 122(11) 
vertex 116 adjacent to : 31(7) 82(10) 564(11) 137(7) 168(17) 427(15) 410(14) 273(8) 
vertex 117 adjacent to : 584(9) 371(2) 533(8) 520(6) 376(5) 406(11) 489(1) 388(16) 
vertex 118 adjacent to : 370(15) 520(7) 537(18) 274(13) 378(19) 189(13) 472(15) 442(13) 
vertex 119 adjacent to : 390(13) 579(4) 76(15) 468(3) 372(17) 58(3) 249(16) 364(14) 
vertex 120 adjacent to : 503(6) 56(11) 85(17) 192(4) 95(13) 453(2) 119(11) 355(16) 
vertex 121 adjacent to : 227(6) 228(19) 184(12) 229(7) 230(7) 231(1) 61(6) 232(1) 
vertex 122 adjacent to : 188(4) 206(2) 247(15) 280(9) 588(8) 75(6) 183(10) 332(12) 
vertex 123 adjacent to : 124(4) 125(14) 126(15) 127(15) 128(19) 129(14) 130(16) 70(4) 
vertex 124 adjacent to : 154(2) 425(14) 560(2) 127(9) 433(3) 239(7) 87(12) 438(5) 
vertex 125 adjacent to : 112(19) 114(6) 590(1) 203(4) 148(8) 328(3) 517(1) 101(5) 
vertex 126 adjacent to : 30(14) 480(5) 218(12) 160(15) 496(2) 336(3) 546(3) 457(5) 
vertex 127 adjacent to : 439(17) 45(3) 282(2) 132(19) 325(13) 56(17) 581(8) 113(10) 
vertex 128 adjacent to : 392(10) 268(3) 525(10) 212(7) 299(11) 199(15) 115(18) 494(14) 
vertex 129 adjacent to : 448(6) 13(16) 252(1) 366(12) 497(4) 74(15) 401(10) 258(3) 
vertex 130 adjacent to : 398(2) 369(16) 374(6) 296(12) 452(14) 377(7) 177(4) 401(10) 
vertex 131 adjacent to : 132(16) 133(12) 134(13) 44(13) 135(10) 136(12) 137(17) 
vertex 132 adjacent to : 346(5) 43(13) 376(16) 305(7) 377(3) 353(9) 378(15) 286(19) 
vertex 133 adjacent to : 475(19) 429(17) 97(18) 524(14) 433(18) 206(13) 233(4) 118(18) 
vertex 134 adjacent to : 315(3) 316(19) 317(6) 318(4) 262(2) 143(10) 319(13) 320(3) 
vertex 135 adjacent to : 73(12) 241(9) 513(1) 99(16) 128(1) 386(14) 266(2) 
vertex 136 adjacent to : 407(10) 251(15) 412(17) 393(10) 344(10) 41(14) 490(17) 462(8) 
vertex 137 adjacent to : 48(14) 258(2) 416(10) 322(1) 390(18) 321(18) 13(8) 256(19) 
vertex 138 adjacent to : 449(19) 384(10) 450(10) 279(16) 10(4) 281(14) 377(7) 341(11) 
vertex 139 adjacent to : 576(17) 213(12) 522(1) 70(10) 530(18) 394(14) 214(19) 551(6) 
vertex 140 adjacent to : 293(6) 483(9) 312(19) 477(10) 374(7) 303(3) 16(17) 544(11) 
vertex 141 adjacent to : 0(7) 406(12) 115(5) 595(13) 535(5) 587(1) 305(12) 140(15) 
vertex 142 adjacent to : 422(15) 35(12) 281(16) 88(12) 32(16) 450(4) 17(4) 91(7) 
vertex 143 adjacent to : 144(19) 145(1) 146(3) 112(17) 147(13) 148(9) 149(12) 86(1) 
vertex 144 adjacent to : 429(11) 190(11) 335(3) 334(15) 443(8) 299(15) 592(6) 386(9) 
vertex 145 adjacent to : 208(10) 306(19) 69(5) 303(6) 146(16) 18(2) 145(2) 307(16) 
vertex 146 adjacent to : 101(12) 531(1) 426(10) 548(15) 332(2) 242(9) 392(7) 382(6) 
vertex 147 adjacent to : 202(6) 489(19) 349(8) 72(6) 254(3) 525(9) 204(17) 140(11) 
vertex 148 adjacent to : 291(17) 343(8) 344(16) 345(3) 346(13) 38(14) 177(6) 33(8) 
vertex 149 adjacent to : 157(15) 248(18) 540(17) 425(11) 492(17) 383(3) 233(12) 498(16) 
vertex 150 adjacent to : 281(16) 538(4) 552(6) 135(7) 192(15) 468(10) 64(10) 41(14) 
vertex 151 adjacent to : 198(5) 556(19) 573(17) 425(6) 551(19) 456(10) 493(4) 179(3) 
vertex 152 adjacent to : 530(4) 551(9) 299(9) 55(13) 172(7) 25(9) 53(12) 163(6) 
vertex 153 adjacent to : 345(4) 439(12) 79(18) 281(1) 15(8) 270(14) 419(18) 192(16) 
vertex 154 adjacent to : 264(15) 337(15) 99(10) 339(11) 509(11) 311(13) 341(9) 566(17) 
vertex 155 adjacent to : 385(3) 237(12) 548(5) 595(7) 333(12) 131(5) 159(6) 349(9) 
vertex 156 adjacent to : 157(17) 158(15) 114(3) 79(7) 159(16) 160(6) 161(1) 
vertex 157 adjacent to : 527(9) 310(1) 194(2) 52(17) 553(11) 403(4) 10(9) 356(8) 
vertex 158 adjacent to : 566(3) 598(14) 273(7) 446(1) 253(4) 188(9) 315(5) 456(8) 
vertex 159 adjacent to : 503(13) 401(2) 198(11) 174(3) 423(18) 519(2) 557(15) 235(10) 
vertex 160 adjacent to : 49(4) 461(19) 3(18) 513(16) 350(15) 59(12) 312(4) 37(3) 
vertex 161 adjacent to : 237(16) 153(6) 281(11) 199(6) 412(9) 335(9) 162(17) 599(15) 
vertex 162 adjacent to : 92(13) 163(14) 164(16) 165(3) 166(11) 167(7) 168(12) 169(1) 
vertex 163 adjacent to : 572(12) 44(8) 41(9) 306(14) 83(18) 54(2) 383(4) 163(5) 
vertex 164 adjacent to : 573(3) 462(6) 308(8) 241(17) 136(15) 470(10) 155(14) 354(12) 
vertex 165 adjacent to : 307(14) 535(11) 138(19) 74(19) 542(17) 278(7) 135(18) 323(6) 
vertex 166 adjacent to : 156(12) 259(2) 480(9) 374(13) 414(9) 310(3) 379(1) 440(15) 
vertex 167 adjacent to : 386(3) 285(18) 396(10) 8(3) 96(13) 239(16) 232(15) 412(8) 
vertex 168 adjacent to : 239(19) 328(8) 237(3) 549(12) 457(7) 362(14) 413(1) 357(13) 
vertex 169 adjacent to : 276(12) 60(7) 395(7) 89(1) 156(8) 556(12) 179(13) 552(7) 
vertex 170 adjacent to : 18(16) 171(8) 172(14) 173(12) 174(11) 5(19) 39(1) 175(14) 
vertex 171 adjacent to : 203(11) 117(15) 341(13) 284(7) 6(11) 245(18) 252(19) 143(14) 
vertex 172 adjacent to : 186(7) 228(14) 373(17) 221(16) 203(6) 387(11) 252(2) 63(18) 
vertex 173 adjacent to : 394(10) 464(2) 399(5) 516(13) 298(9) 459(8) 70(10) 517(4) 
vertex 174 adjacent to : 540(9) 319(15) 441(16) 129(2) 26(16) 407(10) 150(12) 274(3) 
vertex 175 adjacent to : 352(18) 431(9) 573(16) 243(2) 180(2) 545(1) 309(9) 427(3) 
vertex 176 adjacent to : 455(11) 50(6) 204(15) 56(14) 424(8) 185(8) 14(1) 585(3) 
vertex 177 adjacent to : 76(8) 156(8) 468(2) 472(15) 243(10) 443(3) 478(8) 359(15) 
vertex 178 adjacent to : 185(11) 154(13) 399(13) 66(1) 513(4) 169(18) 143(4) 558(10) 
vertex 179 adjacent to : 265(10) 553(11) 437(6) 561(1) 272(17) 407(12) 489(2) 373(9) 
vertex 180 adjacent to : 354(3) 355(16) 356(2) 357(3) 271(7) 40(19) 358(18) 243(13) 
vertex 181 adjacent to : 147(18) 535(17) 191(14) 362(19) 309(5) 352(7) 346(1) 497(14) 
vertex 182 adjacent to : 167(16) 183(14) 184(4) 185(8) 186(16) 105(12) 187(7) 87(11) 
vertex 183 adjacent to : 129(8) 4(18) 351(17) 401(13) 552(14) 102(5) 488(10) 392(14) 
vertex 184 adjacent to : 64(18) 337(19) 348(17) 563(19) 94(14) 374(1) 564(16) 257(16) 
vertex 185 adjacent to : 410(18) 62(12) 162(3) 56(9) 82(10) 460(16) 238(15) 14(2) 
vertex 186 adjacent to : 455(19) 346(1) 520(2) 503(19) 383(15) 151(15) 496(11) 351(11) 
vertex 187 adjacent to : 140(4) 494(1) 323(11) 116(16) 418(6) 175(18) 495(6) 226(8) 
vertex 188 adjacent to : 383(2) 97(19) 288(17) 401(11) 304(15) 335(17) 190(17) 162(1) 
vertex 189 adjacent to : 190(4) 319(11) 274(2) 47(17) 399(15) 337(14) 24(14) 454(2) 
vertex 190 adjacent to : 433(11) 13(16) 480(18) 132(13) 559(19) 381(9) 170(18) 574(17) 
vertex 191 adjacent to : 497(7) 278(3) 23(1) 516(14) 490(7) 393(12) 489(2) 212(3) 
vertex 192 adjacent to : 136(13) 6(9) 145(7) 515(1) 417(17) 520(4) 514(11) 343(11) 
vertex 193 adjacent to : 40(4) 194(5) 195(19) 196(10) 197(16) 198(10) 199(3) 200(15) 
vertex 194 adjacent to : 462(15) 372(3) 150(1) 68(16) 598(11) 365(1) 183(3) 556(10) 
vertex 195 adjacent to : 205(18) 150(10) 56(19) 298(9) 227(6) 0(1) 395(8) 
vertex 196 adjacent to : 252(13) 253(3) 254(12) 255(5) 228(16) 256(5) 257(17) 
vertex 197 adjacent to : 101(17) 145(14) 89(5) 421(19) 418(19) 439(8) 148(13) 365(5) 
vertex 198 adjacent to : 273(14) 405(7) 9(5) 383(11) 445(15) 288(16) 33(5) 279(4) 
vertex 199 adjacent to : 166(15) 374(5) 216(16) 444(13) 156(1) 59(8) 518(6) 538(4) 
vertex 200 adjacent to : 391(10) 170(10) 288(19) 186(13) 375(18) 330(15) 476(3) 71(4) 
vertex 201 adjacent to : 202(11) 203(14) 61(15) 47(16) 48(18) 132(17) 204(3) 205(12) 
vertex 202 adjacent to : 132(6) 117(10) 240(8) 398(8) 65(10) 484(17) 519(18) 303(12) 
vertex 203 adjacent to : 55(2) 310(2) 425(11) 384(18) 341(19) 578(2) 137(19) 459(18) 
vertex 204 adjacent to : 308(19) 206(13) 581(18) 61(10) 81(1) 458(19) 400(5) 135(9) 
vertex 205 adjacent to : 195(3) 206(18) 114(15) 363(12) 558(17) 12(14) 81(9) 273(2) 
vertex 206 adjacent to : 194(13) 204(17) 207(17) 208(16) 209(2) 210(13) 211(7) 212(17) 
vertex 207 adjacent to : 30(11) 483(5) 240(13) 400(10) 476(14) 23(18) 484(9) 104(7) 
vertex 208 adjacent to : 404(2) 309(1) 323(1) 109(7) 193(2) 37(16) 522(2) 317(9) 
vertex 209 adjacent to : 201(18) 456(8) 93(13) 310(9) 519(8) 339(18) 24(10) 27(6) 
vertex 210 adjacent to : 223(2) 438(19) 517(6) 291(5) 341(17) 185(5) 433(17) 306(13) 
vertex 211 adjacent to : 446(10) 447(14) 129(3) 448(2) 233(8) 27(10) 274(10) 409(9) 
vertex 212 adjacent to : 373(14) 156(13) 570(15) 177(7) 204(17) 597(18) 3(1) 193(11) 
vertex 213 adjacent to : 214(9) 26(1) 215(18) 216(2) 169(18) 217(9) 218(5) 219(11) 
vertex 214 adjacent to : 486(6) 426(17) 38(9) 58(11) 481(10) 98(2) 289(1) 502(9) 
vertex 215 adjacent to : 262(17) 107(3) 254(17) 11(9) 377(10) 169(17) 213(15) 318(2) 
vertex 216 adjacent to : 533(17) 294(13) 158(9) 437(15) 78(6) 313(16) 350(5) 
vertex 217 adjacent to : 385(17) 254(3) 319(8) 157(16) 368(4) 386(1) 387(16) 388(5) 
vertex 218 adjacent to : 170(6) 59(9) 36(2) 541(15) 119(10) 207(9) 176(17) 223(7) 
vertex 219 adjacent to : 281(7) 83(11) 26(4) 547(1) 376(11) 287(5) 144(15) 568(2) 
vertex 220 adjacent to : 221(5) 222(18) 223(10) 215(7) 224(13) 225(5) 226(1) 208(7) 
vertex 221 adjacent to : 542(14) 383(15) 362(18) 302(3) 411(16) 200(15) 294(6) 52(19) 
vertex 222 adjacent to : 10(4) 520(13) 138(13) 129(14) 448(6) 92(1) 490(8) 170(3) 
vertex 223 adjacent to : 141(9) 78(18) 393(17) 388(9) 483(3) 271(19) 161(5) 279(9) 
vertex 224 adjacent to : 93(18) 19(19) 50(19) 550(5) 23(18) 236(9) 304(8) 584(6) 
vertex 225 adjacent to : 57(3) 58(15) 129(1) 152(17) 189(19) 325(14) 399(6) 564(18) 
vertex 226 adjacent to : 326(17) 116(12) 327(19) 306(7) 328(1) 134(16) 311(10) 64(11) 
vertex 227 adjacent to : 110(16) 379(1) 380(19) 323(12) 338(9) 381(8) 382(12) 73(17) 
vertex 228 adjacent to : 394(8) 240(10) 389(5) 517(7) 34(4) 262(12) 551(19) 207(17) 
vertex 229 adjacent to : 401(11) 590(5) 543(4) 357(18) 186(13) 292(18) 138(12) 394(5) 
vertex 230 adjacent to : 409(4) 423(17) 138(18) 402(8) 45(16) 97(19) 91(4) 431(16) 
vertex 231 adjacent to : 383(4) 295(5) 83(3) 382(11) 366(3) 384(2) 150(9) 66(16) 
vertex 232 adjacent to : 396(6) 37(1) 518(12) 53(9) 366(2) 154(15) 194(5) 120(19) 
vertex 233 adjacent to : 234(7) 235(9) 236(17) 77(2) 182(14) 237(5) 238(5) 144(18) 
vertex 234 adjacent to : 523(16) 442(7) 532(4) 547(15) 337(3) 195(16) 448(5) 42(18) 
vertex 235 adjacent to : 565(1) 409(19) 553(19) 7(12) 35(1) 468(1) 470(6) 525(4) 
vertex 236 adjacent to : 456(18) 146(2) 593(16) 98(10) 439(3) 345(4) 542(19) 476(14) 
vertex 237 adjacent to : 401(7) 312(18) 118(17) 76(18) 342(7) 51(9) 430(4) 255(3) 
vertex 238 adjacent to : 101(18) 436(14) 175(15) 417(12) 504(1) 571(6) 576(12) 460(8) 
vertex 239 adjacent to : 240(9) 241(17) 8(4) 242(3) 243(4) 244(18) 245(17) 172(2) 
vertex 240 adjacent to : 388(13) 494(3) 303(17) 124(14) 295(13) 245(7) 248(10) 145(13) 
vertex 241 adjacent to : 412(7) 132(1) 108(15) 564(4) 189(2) 284(8) 397(14) 518(5) 
vertex 242 adjacent to : 560(3) 84(11) 360(10) 466(7) 494(17) 32(9) 186(3) 261(13) 
vertex 243 adjacent to : 246(6) 486(13) 122(18) 127(16) 537(14) 500(19) 439(4) 343(9) 
vertex 244 adjacent to : 105(15) 30(6) 100(19) 308(7) 140(4) 6(5) 379(17) 110(3) 
vertex 245 adjacent to : 132(11) 439(17) 192(11) 300(8) 540(16) 523(13) 48(4) 580(9) 
vertex 246 adjacent to : 247(12) 93(11) 148(9) 248(10) 249(5) 250(15) 220(2) 251(16) 
vertex 247 adjacent to : 164(7) 536(15) 11(14) 537(14) 507(3) 342(15) 182(6) 256(16) 
vertex 248 adjacent to : 528(19) 373(4) 87(16) 583(7) 347(6) 407(16) 298(2) 197(12) 
vertex 249 adjacent to : 139(3) 586(15) 188(10) 8(13) 286(14) 293(5) 243(12) 402(18) 
vertex 250 adjacent to : 339(18) 161(18) 301(11) 233(4) 340(15) 341(18) 285(16) 342(10) 
vertex 251 adjacent to : 437(3) 518(18) 374(14) 7(6) 20(19) 408(11) 595(6) 414(16) 
vertex 252 adjacent to : 43(5) 369(2) 440(3) 573(14) 548(16) 37(4) 79(13) 590(8) 
vertex 253 adjacent to : 98(9) 278(13) 44(7) 76(6) 184(12) 400(7) 4(18) 50(6) 
vertex 254 adjacent to : 372(18) 432(14) 46(19) 325(12) 453(10) 494(3) 78(6) 82(1) 
vertex 255 adjacent to : 506(15) 396(11) 30(18) 52(7) 108(3) 377(15) 216(18) 136(11) 
vertex 256 adjacent to : 547(6) 373(18) 291(10) 392(8) 164(3) 442(15) 356(6) 340(8) 
vertex 257 adjacent to : 300(8) 29(19) 526(1) 598(8) 213(15) 88(18) 278(7) 582(1) 
vertex 258 adjacent to : 161(17) 259(6) 260(10) 16(15) 261(5) 94(3) 262(3) 126(9) 
vertex 259 adjacent to : 290(6) 354(2) 444(13) 384(1) 507(12) 359(18) 365(18) 393(3) 
vertex 260 adjacent to : 37(19) 285(6) 216(2) 470(7) 471(12) 339(12) 472(3) 473(7) 
vertex 261 adjacent to : 10(15) 64(15) 161(6) 547(17) 201(7) 436(12) 378(1) 291(3) 
vertex 262 adjacent to : 324(7) 36(4) 531(16) 127(9) 528(17) 405(6) 532(1) 
vertex 263 adjacent to : 248(16) 264(8) 249(4) 265(17) 10(11) 266(8) 179(12) 87(19) 
vertex 264 adjacent to : 67(10) 239(19) 43(16) 372(3) 500(13) 501(19) 437(4) 428(4) 
vertex 265 adjacent to : 513(12) 63(15) 226(6) 440(18) 538(2) 387(15) 256(2) 449(1) 
vertex 266 adjacent to : 437(9) 89(1) 555(16) 163(8) 482(1) 225(16) 551(2) 283(12) 
vertex 267 adjacent to : 14(8) 268(11) 269(8) 178(15) 270(16) 217(10) 271(14) 36(17) 
vertex 268 adjacent to : 154(14) 291(2) 259(8) 344(2) 467(18) 362(16) 280(2) 262(11) 
vertex 269 adjacent to : 442(17) 281(4) 558(9) 217(13) 122(12) 310(12) 320(4) 84(1) 
vertex 270 adjacent to : 212(13) 329(13) 149(12) 209(3) 557(15) 98(3) 292(12) 490(16) 
vertex 271 adjacent to : 488(11) 28(2) 183(15) 343(9) 405(9) 331(1) 551(3) 593(14) 
vertex 272 adjacent to : 146(15) 268(3) 381(7) 446(15) 154(11) 529(11) 9(7) 
vertex 273 adjacent to : 154(14) 446(17) 321(2) 272(19) 220(11) 398(5) 125(13) 142(9) 
vertex 274 adjacent to : 417(8) 420(3) 204(15) 346(5) 361(13) 421(1) 114(3) 422(9) 
vertex 275 adjacent to : 366(12) 500(4) 456(17) 554(19) 100(18) 101(13) 166(1) 222(17) 
vertex 276 adjacent to : 174(9) 292(12) 4(9) 405(18) 191(13) 515(14) 574(6) 213(17) 
vertex 277 adjacent to : 37(6) 89(10) 455(11) 356(6) 43(10) 181(7) 210(15) 232(2) 
vertex 278 adjacent to : 198(6) 279(6) 280(12) 281(18) 282(15) 27(15) 283(4) 1(8) 
vertex 279 adjacent to : 359(15) 13(19) 328(11) 360(14) 361(17) 109(10) 362(9) 182(10) 
vertex 280 adjacent to : 131(7) 375(9) 144(1) 182(10) 273(10) 575(19) 534(1) 517(3) 
vertex 281 adjacent to : 299(3) 83(17) 65(18) 381(4) 296(15) 333(9) 462(15) 356(19) 
vertex 282 adjacent to : 401(11) 229(8) 247(9) 484(7) 112(13) 179(2) 173(18) 146(5) 
vertex 283 adjacent to : 503(19) 84(8) 77(19) 249(12) 556(13) 433(5) 442(8) 313(16) 
vertex 284 adjacent to : 285(11) 168(9) 286(14) 287(13) 176(13) 213(16) 153(2) 246(2) 
vertex 285 adjacent to : 278(3) 74(1) 489(2) 367(8) 393(10) 206(6) 10(8) 290(12) 
vertex 286 adjacent to : 258(11) 283(4) 597(1) 581(2) 188(3) 436(4) 228(14) 
vertex 287 adjacent to : 311(18) 45(14) 486(7) 525(4) 282(19) 328(1) 127(3) 428(6) 
vertex 288 adjacent to : 237(6) 289(3) 281(9) 290(14) 153(11) 257(7) 291(9) 33(10) 
vertex 289 adjacent to : 153(6) 558(10) 241(11) 270(13) 349(4) 554(12) 544(4) 559(9) 
vertex 290 adjacent to : 141(17) 267(19) 321(6) 322(15) 323(4) 324(9) 80(5) 325(19) 
vertex 291 adjacent to : 492(3) 431(11) 228(5) 535(10) 370(2) 133(19) 162(4) 567(16) 
vertex 292 adjacent to : 293(13) 158(2) 294(18) 295(6) 197(4) 41(12) 222(6) 252(19) 
vertex 293 adjacent to : 584(7) 565(8) 92(6) 123(1) 199(5) 242(2) 172(13) 564(12) 
vertex 294 adjacent to : 254(10) 116(2) 370(5) 501(15) 449(13) 343(18) 433(15) 168(15) 
vertex 295 adjacent to : 241(14) 74(11) 135(8) 504(3) 371(11) 338(2) 200(9) 282(9) 
vertex 296 adjacent to : 408(11) 184(3) 249(10) 423(3) 174(7) 56(5) 487(12) 
vertex 297 adjacent to : 80(5) 385(17) 471(9) 204(3) 281(14) 87(7) 211(18) 502(8) 
vertex 298 adjacent to : 119(11) 151(12) 328(13) 261(7) 441(14) 273(13) 115(9) 226(10) 
vertex 299 adjacent to : 585(12) 48(12) 243(14) 543(8) 372(4) 66(13) 209(3) 135(10) 
vertex 300 adjacent to : 573(14) 71(19) 576(10) 280(19) 398(11) 422(13) 446(7) 42(17) 
vertex 301 adjacent to : 129(14) 302(17) 303(9) 29(10) 304(9) 269(19) 305(19) 67(7) 
vertex 302 adjacent to : 65(12) 571(16) 67(17) 429(11) 223(1) 576(4) 481(5) 283(13) 
vertex 303 adjacent to : 241(18) 539(13) 104(16) 0(18) 464(11) 26(19) 205(17) 589(10) 
vertex 304 adjacent to : 355(13) 128(17) 523(16) 468(13) 97(5) 561(10) 489(10) 481(17) 
vertex 305 adjacent to : 237(15) 207(16) 216(11) 234(9) 137(18) 200(15) 588(15) 504(18) 
vertex 306 adjacent to : 178(10) 427(9) 53(1) 421(16) 30(13) 360(13) 248(1) 554(19) 
vertex 307 adjacent to : 130(17) 364(18) 478(7) 460(1) 455(14) 534(13) 76(16) 52(6) 
vertex 308 adjacent to : 193(7) 309(9) 310(16) 311(14) 136(6) 312(18) 313(4) 314(14) 
vertex 309 adjacent to : 366(12) 103(1) 445(13) 591(10) 230(15) 197(18) 535(14) 490(6) 
vertex 310 adjacent to : 465(8) 36(9) 248(8) 219(16) 322(9) 448(9) 347(8) 139(18) 
vertex 311 adjacent to : 340(10) 223(4) 92(19) 593(12) 160(8) 446(10) 198(8) 443(8) 
vertex 312 adjacent to : 410(12) 8(10) 153(12) 270(10) 548(14) 228(13) 478(15) 562(2) 
vertex 313 adjacent to : 196(4) 394(8) 123(16) 509(16) 435(4) 294(8) 415(18) 583(2) 
vertex 314 adjacent to : 168(5) 118(12) 14(3) 371(13) 79(6) 172(7) 267(15) 130(11) 
vertex 315 adjacent to : 380(3) 138(2) 308(3) 200(19) 563(9) 51(7) 122(12) 582(13) 
vertex 316 adjacent to : 258(7) 569(7) 309(1) 432(5) 421(3) 151(6) 97(7) 586(8) 
vertex 317 adjacent to : 283(11) 217(16) 130(7) 375(11) 348(8) 279(7) 402(14) 547(13) 
vertex 318 adjacent to : 110(18) 273(11) 145(4) 67(9) 28(15) 515(8) 43(11) 204(11) 
vertex 319 adjacent to : 38(8) 435(19) 380(12) 260(4) 289(6) 399(5) 32(4) 443(5) 
vertex 320 adjacent to : 339(12) 219(16) 513(1) 256(9) 147(5) 368(14) 507(1) 8(12) 
vertex 321 adjacent to : 231(3) 42(8) 528(4) 0(10) 238(6) 46(11) 230(10) 75(15) 
vertex 322 adjacent to : 482(3) 15(7) 492(13) 448(19) 204(1) 449(18) 520(12) 491(13) 
vertex 323 adjacent to : 26(4) 228(7) 274(3) 532(10) 60(1) 132(10) 153(9) 545(3) 
vertex 324 adjacent to : 207(8) 288(6) 482(17) 139(7) 163(5) 180(9) 78(15) 261(18) 
vertex 325 adjacent to : 525(4) 96(17) 121(8) 436(11) 262(9) 336(15) 360(3) 179(13) 
vertex 326 adjacent to : 395(16) 235(10) 112(10) 169(4) 498(2) 530(10) 470(1) 332(6) 
vertex 327 adjacent to : 448(15) 545(4) 585(11) 519(19) 384(18) 217(16) 299(5) 167(16) 
vertex 328 adjacent to : 19(13) 53(14) 513(2) 548(8) 346(8) 23(13) 433(12) 588(18) 
vertex 329 adjacent to : 486(17) 315(10) 15(9) 119(2) 329(8) 555(14) 4(19) 156(2) 
vertex 330 adjacent to : 496(8) 321(13) 295(12) 66(10) 485(10) 597(7) 209(6) 352(9) 
vertex 331 adjacent to : 74(16) 275(12) 298(10) 152(5) 383(4) 140(13) 448(2) 296(3) 
vertex 332 adjacent to : 230(19) 227(10) 333(7) 252(4) 334(19) 268(9) 274(9) 335(18) 
vertex 333 adjacent to : 247(8) 124(18) 473(14) 301(15) 520(14) 406(14) 368(19) 
vertex 334 adjacent to : 139(17) 591(9) 178(4) 41(7) 144(11) 9(5) 541(17) 424(10) 
vertex 335 adjacent to : 120(6) 457(4) 308(6) 359(15) 435(15) 440(11) 442(18) 491(9) 
vertex 336 adjacent to : 285(8) 404(3) 286(1) 538(15) 334(2) 189(9) 236(10) 536(1) 
vertex 337 adjacent to : 402(5) 319(16) 436(14) 392(8) 159(3) 348(8) 241(1) 325(6) 
vertex 338 adjacent to : 269(5) 302(11) 248(3) 512(6) 163(13) 444(8) 583(5) 184(13) 
vertex 339 adjacent to : 50(16) 552(13) 587(18) 508(16) 348(13) 127(15) 0(10) 294(1) 
vertex 340 adjacent to : 240(3) 195(17) 177(13) 556(1) 551(14) 432(12) 55(17) 364(5) 
vertex 341 adjacent to : 594(15) 268(2) 374(8) 88(2) 85(12) 531(4) 145(16) 586(10) 
vertex 342 adjacent to : 159(14) 300(15) 280(8) 224(7) 131(5) 263(8) 465(13) 254(14) 
vertex 343 adjacent to : 430(15) 372(8) 478(9) 479(10) 247(2) 246(18) 193(4) 435(12) 
vertex 344 adjacent to : 516(16) 224(2) 156(15) 16(13) 386(1) 380(17) 309(12) 550(18) 
vertex 345 adjacent to : 596(13) 454(19) 311(11) 249(12) 412(2) 369(13) 309(11) 492(4) 
vertex 346 adjacent to : 546(19) 380(6) 485(11) 167(9) 419(14) 377(14) 488(7) 46(7) 
vertex 347 adjacent to : 348(13) 279(3) 205(16) 101(7) 210(4) 99(18) 163(6) 113(6) 
vertex 348 adjacent to : 311(18) 431(3) 109(4) 138(9) 190(4) 226(5) 61(17) 257(12) 
vertex 349 adjacent to : 100(7) 35(6) 446(7) 218(17) 335(15) 286(12) 149(15) 33(16) 
vertex 350 adjacent to : 488(5) 253(3) 207(7) 465(5) 393(5) 187(8) 419(7) 461(19) 
vertex 351 adjacent to : 10(18) 271(13) 19(18) 337(8) 525(11) 545(3) 576(19) 25(18) 
vertex 352 adjacent to : 388(18) 43(9) 466(18) 332(18) 375(4) 522(12) 38(11) 185(4) 
vertex 353 adjacent to : 459(17) 8(14) 499(6) 88(15) 91(17) 174(19) 508(18) 107(3) 
vertex 354 adjacent to : 360(15) 361(2) 269(7) 182(18) 473(6) 573(2) 105(2) 164(7) 
vertex 355 adjacent to : 203(7) 454(4) 248(14) 354(6) 272(1) 427(19) 301(11) 190(6) 
vertex 356 adjacent to : 416(18) 514(11) 479(2) 332(12) 82(1) 398(13) 22(18) 562(2) 
vertex 357 adjacent to : 81(18) 435(15) 587(4) 313(14) 273(4) 288(10) 334(19) 118(7) 
vertex 358 adjacent to : 248(3) 128(7) 53(2) 81(6) 299(3) 491(4) 162(17) 270(14) 
vertex 359 adjacent to : 292(4) 124(9) 109(12) 219(10) 129(6) 478(2) 244(5) 110(10) 
vertex 360 adjacent to : 282(2) 253(11) 454(6) 341(11) 455(15) 456(1) 22(9) 231(8) 
vertex 361 adjacent to : 478(8) 41(1) 453(10) 493(12) 115(12) 172(12) 193(16) 256(18) 
vertex 362 adjacent to : 174(10) 43(13) 180(5) 211(15) 494(2) 253(1) 484(6) 286(9) 
vertex 363 adjacent to : 279(13) 364(12) 365(1) 100(7) 81(6) 354(1) 366(9) 309(14) 
vertex 364 adjacent to : 85(3) 313(15) 412(1) 417(19) 362(17) 183(15) 33(8) 164(10) 
vertex 365 adjacent to : 468(17) 102(7) 445(9) 352(7) 261(3) 564(16) 514(13) 511(14) 
vertex 366 adjacent to : 460(14) 512(3) 416(8) 513(6) 514(10) 146(7) 13(14) 172(11) 
vertex 367 adjacent to : 373(3) 118(12) 374(19) 375(17) 8(19) 260(12) 307(12) 192(5) 
vertex 368 adjacent to : 256(17) 352(10) 212(10) 46(12) 369(13) 370(11) 371(19) 372(5) 
vertex 369 adjacent to : 280(17) 277(14) 446(13) 145(16) 503(4) 164(11) 30(12) 49(14) 
vertex 370 adjacent to : 365(19) 47(7) 263(11) 427(3) 400(19) 589(6) 314(11) 64(13) 
vertex 371 adjacent to : 273(12) 44(3) 561(17) 458(6) 369(4) 324(3) 518(3) 306(4) 
vertex 372 adjacent to : 161(5) 79(6) 337(16) 203(13) 334(1) 69(16) 476(7) 477(3) 
vertex 373 adjacent to : 218(2) 500(13) 453(9) 438(2) 525(6) 504(19) 110(15) 482(7) 
vertex 374 adjacent to : 321(10) 55(9) 225(8) 86(9) 227(4) 466(18) 83(14) 332(8) 
vertex 375 adjacent to : 191(2) 504(9) 524(17) 203(1) 317(14) 53(9) 505(11) 62(2) 
vertex 376 adjacent to : 514(19) 307(16) 449(4) 465(5) 171(10) 46(2) 429(5) 424(17) 
vertex 377 adjacent to : 545(10) 419(1) 294(1) 126(4) 588(16) 443(8) 217(4) 8(13) 
vertex 378 adjacent to : 43(11) 381(9) 86(15) 215(4) 571(16) 557(11) 84(17) 41(10) 
vertex 379 adjacent to : 443(8) 552(10) 551(15) 175(9) 278(8) 194(4) 256(7) 101(18) 
vertex 380 adjacent to : 463(5) 213(5) 566(12) 240(8) 292(13) 215(2) 472(13) 116(2) 
vertex 381 adjacent to : 281(8) 392(2) 48(7) 100(7) 350(16) 454(16) 492(18) 187(11) 
vertex 382 adjacent to : 119(5) 517(4) 46(3) 82(1) 423(18) 23(12) 593(15) 149(2) 
vertex 383 adjacent to : 413(9) 199(3) 179(2) 356(8) 447(2) 290(19) 580(17) 298(19) 
vertex 384 adjacent to : 113(1) 320(10) 450(12) 176(1) 486(8) 312(4) 284(16) 447(8) 
vertex 385 adjacent to : 208(1) 36(3) 572(1) 307(15) 515(12) 294(16) 205(16) 164(7) 
vertex 386 adjacent to : 435(2) 584(2) 271(7) 241(12) 88(19) 191(2) 47(8) 345(5) 
vertex 387 adjacent to : 484(18) 425(10) 55(4) 589(18) 503(14) 58(17) 496(10) 255(18) 
vertex 388 adjacent to : 304(18) 332(1) 541(5) 254(7) 501(10) 182(13) 146(5) 
vertex 389 adjacent to : 305(15) 390(7) 62(17) 391(19) 392(16) 193(16) 186(4) 393(13) 
vertex 390 adjacent to : 15(6) 190(18) 449(6) 382(16) 308(8) 196(11) 554(18) 262(16) 
vertex 391 adjacent to : 127(16) 366(7) 195(10) 21(10) 434(9) 592(16) 140(9) 485(2) 
vertex 392 adjacent to : 229(1) 351(17) 270(5) 370(14) 105(6) 357(3) 106(13) 346(14) 
vertex 393 adjacent to : 519(6) 181(13) 201(17) 51(16) 281(13) 552(9) 422(7) 39(6) 
vertex 394 adjacent to : 137(1) 270(13) 395(5) 358(9) 150(16) 396(10) 397(7) 214(18) 
vertex 395 adjacent to : 135(14) 304(11) 419(8) 320(5) 18(17) 221(11) 301(15) 516(3) 
vertex 396 adjacent to : 430(4) 197(2) 347(16) 86(13) 132(9) 483(6) 68(3) 211(12) 
vertex 397 adjacent to : 62(4) 332(3) 537(3) 229(19) 212(4) 351(7) 47(9) 43(15) 
vertex 398 adjacent to : 399(6) 271(18) 283(5) 400(7) 298(11) 253(18) 214(13) 22(9) 
vertex 399 adjacent to : 476(9) 373(5) 454(18) 573(9) 353(13) 87(10) 470(19) 136(8) 
vertex 400 adjacent to : 141(10) 21(6) 164(6) 255(7) 313(7) 251(10) 437(8) 377(5) 
vertex 401 adjacent to : 242(6) 116(4) 402(12) 98(7) 156(1) 403(7) 398(7) 404(12) 
vertex 402 adjacent to : 188(19) 204(13) 392(11) 427(11) 511(5) 77(16) 315(14) 51(12) 
vertex 403 adjacent to : 149(14) 122(17) 535(11) 72(13) 546(14) 511(16) 327(17) 67(4) 
vertex 404 adjacent to : 345(17) 201(16) 438(17) 249(15) 112(5) 521(3) 133(4) 277(15) 
vertex 405 adjacent to : 337(11) 0(5) 65(3) 271(5) 235(9) 171(5) 289(12) 284(1) 
vertex 406 adjacent to : 407(18) 401(14) 408(12) 409(10) 78(14) 410(10) 371(11) 411(13) 
vertex 407 adjacent to : 161(16) 110(5) 255(1) 313(15) 391(16) 178(5) 523(12) 54(10) 
vertex 408 adjacent to : 329(12) 438(1) 507(4) 530(6) 304(4) 169(3) 453(6) 249(12) 
vertex 409 adjacent to : 129(5) 429(18) 53(8) 358(9) 322(7) 430(19) 431(2) 381(1) 
vertex 410 adjacent to : 430(15) 448(14) 337(2) 218(1) 221(19) 206(4) 433(12) 485(5) 
vertex 411 adjacent to : 417(2) 263(9) 21(16) 164(9) 93(11) 90(16) 361(9) 583(18) 
vertex 412 adjacent to : 413(5) 414(13) 278(7) 391(2) 415(11) 184(6) 302(8) 
vertex 413 adjacent to : 228(13) 364(19) 521(1) 57(19) 536(3) 593(5) 280(6) 22(9) 
vertex 414 adjacent to : 346(18) 447(3) 480(4) 21(19) 242(6) 481(4) 482(19) 281(13) 
vertex 415 adjacent to : 130(12) 392(11) 165(15) 249(18) 434(13) 516(8) 289(6) 
vertex 416 adjacent to : 417(2) 41(4) 367(9) 418(11) 395(14) 335(13) 42(1) 419(12) 
vertex 417 adjacent to : 588(1) 209(18) 100(1) 271(17) 50(3) 276(7) 140(4) 582(9) 
vertex 418 adjacent to : 525(12) 526(12) 120(9) 527(17) 186(9) 517(2) 432(13) 528(9) 
vertex 419 adjacent to : 297(1) 394(4) 206(3) 155(2) 44(16) 89(16) 411(6) 19(10) 
vertex 420 adjacent to : 26(17) 153(12) 384(13) 238(15) 283(8) 144(12) 462(18) 474(16) 
vertex 421 adjacent to : 380(3) 299(5) 268(11) 474(14) 103(2) 100(14) 38(19) 475(13) 
vertex 422 adjacent to : 421(19) 41(12) 217(7) 489(3) 466(12) 280(18) 221(7) 405(6) 
vertex 423 adjacent to : 548(12) 414(19) 151(1) 365(17) 93(15) 248(1) 357(17) 421(19) 
vertex 424 adjacent to : 425(7) 369(14) 108(5) 426(9) 340(19) 50(5) 427(14) 428(5) 
vertex 425 adjacent to : 108(15) 591(2) 459(14) 177(11) 283(9) 162(16) 559(9) 254(15) 
vertex 426 adjacent to : 516(3) 269(7) 487(9) 71(8) 568(13) 285(19) 121(5) 511(12) 
vertex 427 adjacent to : 113(2) 83(3) 251(1) 487(19) 61(16) 406(3) 260(13) 489(12) 
vertex 428 adjacent to : 154(6) 241(4) 175(6) 452(1) 34(11) 136(9) 10(17) 378(18) 
vertex 429 adjacent to : 297(10) 223(14) 460(12) 484(6) 128(11) 8(4) 147(17) 494(9) 
vertex 430 adjacent to : 554(11) 151(9) 340(15) 244(4) 147(14) 358(10) 43(5) 241(16) 
vertex 431 adjacent to : 328(5) 318(5) 465(6) 289(7) 574(9) 273(2) 241(4) 261(11) 
vertex 432 adjacent to : 336(15) 11(12) 98(5) 2(9) 389(13) 215(11) 47(8) 433(1) 
vertex 433 adjacent to : 216(2) 119(1) 215(1) 454(7) 501(18) 182(16) 508(11) 458(9) 
vertex 434 adjacent to : 516(19) 583(7) 593(14) 40(6) 275(4) 92(2) 288(16) 591(4) 
vertex 435 adjacent to : 231(14) 158(1) 106(4) 184(8) 380(10) 257(12) 408(7) 181(17) 
vertex 436 adjacent to : 314(9) 48(14) 341(14) 516(6) 275(15) 531(1) 477(16) 200(12) 
vertex 437 adjacent to : 91(18) 414(2) 251(1) 79(1) 48(9) 220(17) 596(4) 499(14) 
vertex 438 adjacent to : 50(14) 342(10) 439(8) 440(12) 145(6) 372(5) 441(12) 154(1) 
vertex 439 adjacent to : 432(18) 126(9) 42(18) 551(15) 141(15) 520(17) 552(12) 530(19) 
vertex 440 adjacent to : 107(4) 506(7) 507(14) 443(19) 324(2) 401(10) 175(11) 312(1) 
vertex 441 adjacent to : 228(15) 412(13) 365(3) 405(19) 329(6) 222(16) 127(3) 511(18) 
vertex 442 adjacent to : 188(15) 297(14) 331(15) 477(3) 176(14) 205(15) 63(2) 171(5) 
vertex 443 adjacent to : 243(13) 138(3) 289(15) 175(8) 70(8) 368(18) 166(6) 277(15) 
vertex 444 adjacent to : 519(11) 109(14) 9(16) 565(14) 312(11) 121(1) 256(6) 235(4) 
vertex 445 adjacent to : 36(13) 528(9) 79(10) 73(13) 537(6) 326(10) 455(19) 121(4) 
vertex 446 adjacent to : 251(17) 583(13) 267(14) 118(9) 31(7) 168(11) 245(16) 
vertex 447 adjacent to : 148(3) 463(13) 176(8) 316(1) 430(4) 164(2) 464(7) 372(16) 
vertex 448 adjacent to : 4(11) 376(15) 226(14) 307(6) 456(10) 69(4) 583(17) 294(18) 
vertex 449 adjacent to : 450(2) 129(18) 445(13) 518(1) 534(11) 286(3) 22(5) 0(10) 
vertex 450 adjacent to : 234(18) 412(5) 90(6) 225(6) 337(1) 137(1) 147(14) 438(14) 
vertex 451 adjacent to : 314(7) 228(7) 277(10) 432(17) 51(11) 452(14) 453(15) 
vertex 452 adjacent to : 359(15) 369(18) 128(4) 503(5) 118(9) 114(16) 293(9) 18(11) 
vertex 453 adjacent to : 105(9) 491(17) 571(6) 197(11) 407(19) 445(6) 168(1) 350(1) 
vertex 454 adjacent to : 475(8) 212(10) 476(15) 336(8) 62(8) 351(14) 386(1) 263(16) 
vertex 455 adjacent to : 187(3) 412(7) 459(6) 290(8) 27(2) 558(19) 484(9) 327(15) 
vertex 456 adjacent to : 368(12) 214(18) 397(7) 51(2) 234(5) 581(6) 462(14) 389(9) 
vertex 457 adjacent to : 458(12) 459(1) 349(5) 176(13) 434(11) 86(5) 438(15) 
vertex 458 adjacent to : 302(11) 9(12) 439(2) 597(2) 571(10) 485(4) 222(15) 515(15) 
vertex 459 adjacent to : 17(4) 445(11) 458(15) 20(13) 470(16) 321(14) 303(11) 313(14) 
vertex 460 adjacent to : 175(10) 308(2) 469(15) 288(18) 227(19) 310(2) 97(16) 306(9) 
vertex 461 adjacent to : 111(19) 155(11) 301(15) 101(14) 355(1) 392(6) 556(17) 248(1) 
vertex 462 adjacent to : 140(2) 395(15) 126(7) 289(10) 547(14) 217(17) 431(16) 437(2) 
vertex 463 adjacent to : 28(9) 478(9) 593(14) 352(8) 133(5) 234(19) 535(13) 275(4) 
vertex 464 adjacent to : 282(8) 367(7) 208(1) 571(15) 594(14) 399(1) 177(5) 253(6) 
vertex 465 adjacent to : 196(8) 156(18) 516(1) 534(17) 379(11) 189(14) 82(9) 500(1) 
vertex 466 adjacent to : 467(9) 468(18) 469(4) 291(14) 311(4) 242(16) 320(8) 182(2) 
vertex 467 adjacent to : 246(12) 114(8) 237(12) 29(18) 501(7) 207(1) 118(16) 411(19) 
vertex 468 adjacent to : 15(12) 513(13) 550(17) 428(11) 62(19) 147(14) 450(7) 207(4) 
vertex 469 adjacent to : 41(12) 334(13) 118(8) 234(4) 304(3) 339(6) 95(8) 207(5) 
vertex 470 adjacent to : 0(3) 468(12) 264(3) 179(6) 252(13) 329(5) 301(17) 433(17) 
vertex 471 adjacent to : 437(7) 175(10) 65(11) 211(8) 69(8) 93(2) 533(12) 421(9) 
vertex 472 adjacent to : 333(8) 144(10) 319(2) 415(11) 436(4) 409(3) 158(14) 122(4) 
vertex 473 adjacent to : 180(19) 430(3) 159(5) 278(17) 529(14) 16(9) 409(8) 228(5) 
vertex 474 adjacent to : 285(19) 189(11) 315(7) 554(12) 270(8) 201(11) 110(16) 528(12) 
vertex 475 adjacent to : 181(4) 465(3) 337(17) 138(4) 509(10) 356(15) 480(9) 535(6) 
vertex 476 adjacent to : 414(3) 476(1) 243(1) 405(10) 226(12) 40(1) 406(17) 148(18) 
vertex 477 adjacent to : 374(5) 68(6) 104(6) 2(19) 460(14) 288(10) 304(8) 303(11) 
vertex 478 adjacent to : 239(16) 317(5) 556(12) 514(3) 69(17) 398(15) 506(2) 596(6) 
vertex 479 adjacent to : 253(3) 536(6) 239(3) 311(14) 221(19) 163(19) 365(14) 96(17) 
vertex 480 adjacent to : 298(12) 359(15) 159(18) 397(17) 111(2) 64(2) 333(2) 580(1) 
vertex 481 adjacent to : 501(15) 43(19) 198(7) 554(17) 279(12) 485(5) 461(13) 526(2) 
vertex 482 adjacent to : 567(18) 453(8) 19(8) 40(5) 330(16) 586(18) 463(17) 
vertex 483 adjacent to : 366(4) 403(17) 115(19) 267(9) 172(10) 225(9) 399(11) 198(9) 
vertex 484 adjacent to : 323(3) 69(7) 465(14) 485(9) 257(16) 416(8) 238(18) 137(13) 
vertex 485 adjacent to : 240(17) 137(9) 39(19) 251(17) 427(13) 416(1) 275(14) 470(14) 
vertex 486 adjacent to : 412(5) 419(9) 557(1) 574(1) 296(8) 321(18) 237(19) 558(10) 
vertex 487 adjacent to : 316(6) 557(7) 269(10) 582(11) 432(7) 464(11) 176(11) 63(9) 
vertex 488 adjacent to : 98(3) 398(17) 317(17) 84(12) 598(1) 457(6) 424(13) 446(16) 
vertex 489 adjacent to : 545(7) 292(15) 478(12) 23(15) 55(5) 210(5) 88(12) 22(1) 
vertex 490 adjacent to : 593(7) 503(15) 366(3) 155(3) 325(14) 564(18) 311(19) 529(18) 
vertex 491 adjacent to : 315(2) 413(4) 182(14) 116(16) 67(18) 332(7) 232(12) 543(18) 
vertex 492 adjacent to : 161(9) 554(3) 102(12) 95(14) 490(18) 466(12) 528(15) 60(19) 
vertex 493 adjacent to : 259(1) 448(12) 191(10) 183(9) 416(17) 298(14) 122(1) 141(4) 
vertex 494 adjacent to : 346(10) 442(9) 155(17) 117(15) 11(9) 128(16) 371(3) 154(2) 
vertex 495 adjacent to : 306(11) 316(4) 73(6) 597(7) 371(1) 59(5) 541(14) 538(14) 
vertex 496 adjacent to : 20(13) 71(16) 269(10) 309(8) 3(14) 228(15) 438(7) 492(16) 
vertex 497 adjacent to : 290(2) 561(14) 465(7) 380(5) 587(1) 304(18) 326(1) 489(17) 
vertex 498 adjacent to : 396(3) 50(6) 63(7) 509(16) 227(5) 590(4) 412(2) 310(17) 
vertex 499 adjacent to : 206(10) 295(7) 526(4) 218(1) 522(17) 177(8) 511(18) 84(3) 
vertex 500 adjacent to : 506(5) 251(10) 525(10) 594(16) 502(15) 412(16) 515(12) 466(8) 
vertex 501 adjacent to : 358(1) 341(11) 57(14) 249(4) 130(15) 69(10) 3(16) 83(1) 
vertex 502 adjacent to : 51(10) 65(6) 68(7) 420(11) 159(12) 199(1) 557(7) 362(8) 
vertex 503 adjacent to : 149(14) 360(9) 102(16) 92(16) 297(17) 449(7) 446(15) 471(10) 
vertex 504 adjacent to : 505(13) 188(12) 116(7) 89(15) 60(18) 164(8) 244(7) 192(14) 
vertex 505 adjacent to : 560(10) 35(1) 406(9) 194(12) 70(7) 128(7) 479(15) 562(3) 
vertex 506 adjacent to : 410(14) 257(4) 60(19) 71(15) 533(11) 414(11) 49(14) 449(4) 
vertex 507 adjacent to : 443(5) 552(1) 58(14) 227(8) 556(16) 517(12) 184(10) 187(10) 
vertex 508 adjacent to : 152(2) 95(2) 556(5) 2(8) 38(7) 42(16) 474(4) 246(3) 
vertex 509 adjacent to : 375(1) 13(8) 245(14) 453(15) 526(4) 483(19) 373(1) 113(15) 
vertex 510 adjacent to : 91(11) 209(12) 420(19) 545(9) 240(9) 387(1) 69(4) 322(6) 
vertex 511 adjacent to : 476(2) 136(17) 161(15) 55(8) 205(2) 481(18) 357(9) 122(6) 
vertex 512 adjacent to : 23(18) 411(9) 395(9) 37(19) 171(2) 188(11) 417(4) 99(19) 
vertex 513 adjacent to : 344(6) 213(5) 275(12) 583(8) 551(12) 576(10) 512(13) 75(16) 
vertex 514 adjacent to : 465(17) 173(17) 381(5) 95(6) 147(3) 221(2) 342(12) 500(17) 
vertex 515 adjacent to : 391(10) 359(3) 480(16) 368(6) 388(2) 141(4) 365(8) 80(17) 
vertex 516 adjacent to : 216(2) 588(17) 35(3) 529(11) 213(9) 341(12) 219(7) 329(13) 
vertex 517 adjacent to : 341(7) 353(17) 454(18) 65(17) 480(18) 234(18) 189(5) 380(3) 
vertex 518 adjacent to : 519(3) 259(11) 447(6) 520(9) 521(2) 321(2) 522(9) 30(16) 
vertex 519 adjacent to : 234(11) 146(17) 154(14) 243(10) 272(15) 335(7) 54(17) 330(16) 
vertex 520 adjacent to : 557(13) 537(3) 76(14) 349(16) 418(14) 421(7) 301(8) 407(3) 
vertex 521 adjacent to : 243(8) 380(7) 176(3) 562(18) 215(7) 583(2) 488(4) 599(5) 
vertex 522 adjacent to : 492(15) 242(13) 411(14) 394(10) 353(19) 204(15) 474(14) 282(1) 
vertex 523 adjacent to : 193(17) 105(18) 431(12) 263(7) 540(11) 214(19) 345(11) 282(14) 
vertex 524 adjacent to : 572(6) 585(9) 542(13) 354(9) 106(16) 15(11) 516(10) 0(18) 
vertex 525 adjacent to : 294(9) 471(17) 76(9) 60(1) 40(3) 408(1) 177(12) 90(2) 
vertex 526 adjacent to : 74(7) 272(16) 51(3) 7(16) 540(6) 332(14) 18(4) 476(13) 
vertex 527 adjacent to : 206(16) 463(3) 521(3) 262(3) 66(19) 509(19) 563(14) 545(13) 
vertex 528 adjacent to : 288(3) 361(7) 192(9) 539(18) 411(12) 565(16) 123(14) 43(19) 
vertex 529 adjacent to : 33(9) 501(9) 364(2) 542(14) 555(8) 241(6) 29(2) 535(4) 
vertex 530 adjacent to : 87(16) 151(18) 5(16) 129(3) 231(15) 222(19) 131(4) 542(8) 
vertex 531 adjacent to : 101(2) 213(10) 349(3) 448(2) 563(6) 503(1) 227(3) 42(9) 
vertex 532 adjacent to : 121(8) 96(18) 432(9) 239(15) 313(13) 32(18) 128(15) 212(1) 
vertex 533 adjacent to : 10(18) 146(13) 483(5) 424(14) 251(14) 498(14) 30(10) 3(16) 
vertex 534 adjacent to : 322(2) 203(8) 42(19) 167(15) 6(6) 286(17) 460(8) 514(18) 
vertex 535 adjacent to : 387(1) 418(11) 491(16) 247(19) 513(12) 142(5) 253(4) 386(13) 
vertex 536 adjacent to : 283(6) 258(4) 417(11) 71(13) 450(2) 373(4) 536(1) 427(9) 
vertex 537 adjacent to : 355(12) 42(3) 240(19) 464(16) 482(15) 383(5) 378(16) 512(7) 
vertex 538 adjacent to : 539(4) 486(7) 118(7) 445(3) 383(7) 168(15) 42(10) 255(15) 
vertex 539 adjacent to : 355(8) 26(19) 585(13) 571(10) 230(5) 4(14) 430(18) 311(9) 
vertex 540 adjacent to : 541(16) 239(8) 338(19) 72(16) 542(6) 77(7) 443(3) 354(8) 
vertex 541 adjacent to : 374(13) 384(1) 452(5) 46(7) 322(13) 165(9) 83(14) 106(12) 
vertex 542 adjacent to : 110(1) 325(1) 159(13) 237(10) 130(8) 75(2) 430(18) 364(15) 
vertex 543 adjacent to : 67(15) 25(15) 543(3) 441(14) 544(14) 29(14) 425(4) 309(16) 
vertex 544 adjacent to : 586(2) 165(6) 136(1) 114(12) 569(19) 389(1) 479(4) 221(10) 
vertex 545 adjacent to : 133(4) 452(15) 507(11) 343(19) 493(16) 8(16) 534(5) 123(13) 
vertex 546 adjacent to : 232(11) 274(3) 303(14) 484(12) 179(12) 586(19) 171(8) 518(17) 
vertex 547 adjacent to : 480(2) 543(17) 225(8) 139(13) 251(14) 161(4) 331(4) 493(16) 
vertex 548 adjacent to : 344(2) 228(1) 27(2) 594(9) 144(14) 555(2) 200(5) 29(3) 
vertex 549 adjacent to : 486(10) 287(16) 421(12) 381(12) 4(12) 241(9) 279(11) 98(12) 
vertex 550 adjacent to : 545(6) 139(12) 273(10) 520(16) 57(4) 355(2) 167(13) 9(11) 
vertex 551 adjacent to : 599(6) 83(5) 279(13) 392(7) 598(11) 25(17) 338(10) 184(11) 
vertex 552 adjacent to : 428(19) 283(8) 62(2) 32(17) 409(14) 495(13) 413(5) 35(6) 
vertex 553 adjacent to : 210(1) 383(10) 301(4) 321(18) 379(3) 480(14) 182(12) 117(1) 
vertex 554 adjacent to : 380(2) 338(4) 178(13) 194(16) 52(1) 79(13) 409(13) 89(16) 
vertex 555 adjacent to : 44(10) 49(3) 440(7) 114(5) 14(18) 444(3) 98(14) 390(13) 
vertex 556 adjacent to : 346(5) 393(16) 557(9) 565(3) 408(18) 85(6) 151(3) 157(11) 
vertex 557 adjacent to : 65(11) 419(9) 344(6) 307(4) 317(17) 368(12) 552(1) 172(16) 
vertex 558 adjacent to : 60(9) 271(18) 501(7) 364(11) 17(5) 184(2) 243(18) 412(16) 
vertex 559 adjacent to : 261(14) 47(11) 324(18) 434(18) 30(13) 9(6) 181(16) 65(16) 
vertex 560 adjacent to : 317(8) 278(19) 60(16) 282(12) 380(11) 358(12) 90(6) 200(19) 
vertex 561 adjacent to : 105(4) 579(8) 286(8) 40(8) 98(13) 392(2) 451(14) 47(13) 
vertex 562 adjacent to : 132(9) 488(13) 13(5) 183(1) 516(4) 381(11) 189(4) 520(4) 
vertex 563 adjacent to : 381(16) 469(5) 292(11) 485(1) 441(10) 59(3) 538(16) 466(16) 
vertex 564 adjacent to : 357(17) 139(7) 133(16) 113(1) 41(11) 142(11) 269(10) 309(4) 
vertex 565 adjacent to : 547(11) 566(1) 453(18) 493(12) 506(3) 442(8) 70(3) 298(1) 
vertex 566 adjacent to : 440(3) 65(4) 396(7) 304(11) 203(7) 174(10) 78(8) 516(16) 
vertex 567 adjacent to : 407(13) 164(9) 112(4) 6(5) 562(17) 82(13) 418(2) 139(4) 
vertex 568 adjacent to : 183(17) 60(6) 373(6) 51(19) 168(1) 239(4) 131(19) 242(5) 
vertex 569 adjacent to : 261(13) 529(12) 106(9) 80(9) 129(1) 551(11) 230(18) 196(17) 
vertex 570 adjacent to : 586(15) 454(10) 496(18) 380(18) 331(10) 414(11) 344(9) 540(5) 
vertex 571 adjacent to : 36(2) 340(18) 395(11) 445(16) 305(4) 464(4) 378(5) 572(2) 
vertex 572 adjacent to : 402(5) 426(16) 16(13) 8(8) 143(7) 89(17) 273(6) 80(8) 
vertex 573 adjacent to : 586(18) 7(5) 362(2) 246(4) 576(12) 205(4) 417(3) 407(19) 
vertex 574 adjacent to : 156(4) 213(12) 434(1) 159(2) 370(1) 151(1) 461(6) 335(10) 
vertex 575 adjacent to : 356(4) 336(11) 149(12) 338(8) 388(7) 229(4) 415(6) 489(14) 
vertex 576 adjacent to : 379(19) 525(7) 31(17) 100(2) 166(1) 174(14) 527(6) 356(12) 
vertex 577 adjacent to : 344(9) 584(15) 577(18) 128(19) 45(6) 367(12) 380(2) 496(7) 
vertex 578 adjacent to : 123(1) 382(16) 13(4) 180(11) 578(6) 472(3) 105(3) 465(19) 
vertex 579 adjacent to : 590(16) 299(8) 500(1) 423(1) 471(3) 445(1) 511(5) 71(6) 
vertex 580 adjacent to : 443(1) 357(18) 414(4) 253(1) 63(3) 331(8) 21(17) 75(3) 
vertex 581 adjacent to : 566(8) 418(11) 221(7) 225(3) 346(17) 88(5) 582(16) 174(18) 
vertex 582 adjacent to : 312(17) 597(14) 144(2) 586(7) 140(7) 438(7) 296(3) 415(11) 
vertex 583 adjacent to : 583(7) 68(12) 180(19) 109(9) 539(5) 113(3) 328(6) 19(7) 
vertex 584 adjacent to : 547(5) 538(7) 362(16) 277(1) 236(18) 276(5) 352(5) 146(14) 
vertex 585 adjacent to : 469(7) 4(5) 31(2) 293(15) 515(16) 360(18) 594(12) 169(17) 
vertex 586 adjacent to : 529(2) 150(13) 246(12) 412(4) 518(11) 257(5) 322(11) 
vertex 587 adjacent to : 100(16) 212(3) 257(11) 578(13) 542(6) 184(8) 142(4) 119(14) 
vertex 588 adjacent to : 356(7) 307(8) 332(3) 349(11) 287(19) 48(2) 584(8) 165(8) 
vertex 589 adjacent to : 139(8) 213(18) 406(12) 412(15) 407(2) 543(2) 586(15) 
vertex 590 adjacent to : 241(7) 534(16) 304(14) 467(16) 494(7) 435(6) 477(5) 100(4) 
vertex 591 adjacent to : 56(8) 2(2) 566(17) 417(14) 352(17) 185(6) 390(9) 403(14) 
vertex 592 adjacent to : 218(7) 295(12) 154(4) 161(13) 435(18) 17(17) 59(14) 342(8) 
vertex 593 adjacent to : 592(9) 243(16) 424(14) 216(7) 219(3) 111(9) 156(8) 98(14) 
vertex 594 adjacent to : 90(13) 76(11) 208(2) 429(19) 456(7) 93(10) 439(12) 224(4) 
vertex 595 adjacent to : 547(7) 465(19) 154(14) 243(17) 498(8) 374(9) 339(13) 310(12) 
vertex 596 adjacent to : 376(9) 446(12) 55(2) 546(13) 519(16) 335(8) 139(15) 571(15) 
vertex 597 adjacent to : 269(17) 443(18) 594(18) 277(17) 523(7) 143(19) 500(10) 563(6) 
vertex 598 adjacent to : 202(11) 280(18) 286(15) 255(3) 330(9) 489(10) 546(12) 468(12) 
vertex 599 adjacent to : 580(16) 323(5) 567(7) 259(7) 105(14) 182(18) 285(5) 402(17) 
End date/time is: Fri Mar 11 21:10:57 2016
 	use time is 0 s 17 ms.
