0,0,499,12
1,0,196,3
2,0,107,1
3,0,245,17
4,0,485,9
5,0,140,9
6,0,230,6
7,0,19,9
8,1,404,7
9,1,354,4
10,1,593,7
11,1,426,11
12,1,423,2
13,1,330,13
14,1,323,8
15,1,443,1
16,2,530,16
17,2,169,6
18,2,228,5
19,2,112,17
20,2,57,16
21,2,243,4
22,2,44,11
23,2,105,2
24,3,526,10
25,3,62,12
26,3,363,19
27,3,211,12
28,3,185,7
29,3,51,17
30,3,121,7
31,3,586,13
32,4,596,6
33,4,543,6
34,4,459,4
35,4,94,8
36,4,163,10
37,4,215,5
38,4,135,5
39,4,78,12
40,5,62,14
41,5,542,18
42,5,206,17
43,5,393,1
44,5,141,4
45,5,219,4
46,5,451,4
47,5,522,13
48,6,365,4
49,6,215,10
50,6,151,17
51,6,140,13
52,6,86,10
53,6,114,3
54,6,409,5
55,6,221,6
56,7,183,4
57,7,107,19
58,7,519,2
59,7,550,10
60,7,82,15
61,7,380,8
62,7,261,6
63,7,459,4
64,8,382,15
65,8,583,11
66,8,344,6
67,8,133,16
68,8,405,19
69,8,400,4
70,8,565,7
71,8,599,19
72,9,494,12
73,9,25,7
74,9,202,11
75,9,58,16
76,9,477,4
77,9,53,10
78,9,528,1
79,9,571,5
80,10,222,15
81,10,491,17
82,10,441,8
83,10,248,1
84,10,597,1
85,10,514,15
86,10,406,17
87,10,260,12
88,11,270,10
89,11,140,1
90,11,17,15
91,11,321,17
92,11,147,5
93,11,381,14
94,11,450,9
95,11,268,13
96,12,403,10
97,12,324,10
98,12,434,7
99,12,266,7
100,12,381,17
101,12,5,9
102,12,308,11
103,12,183,16
104,13,435,13
105,13,39,5
106,13,83,13
107,13,562,18
108,13,84,10
109,13,542,1
110,13,382,4
111,13,23,4
112,14,242,2
113,14,247,19
114,14,284,19
115,14,234,18
116,14,14,18
117,14,417,8
118,14,31,12
119,14,378,11
120,15,302,4
121,15,364,14
122,15,533,15
123,15,355,15
124,15,220,19
125,15,301,14
126,15,131,16
127,15,344,4
128,16,65,16
129,16,402,12
130,16,48,13
131,16,78,13
132,16,136,11
133,16,111,12
134,16,87,17
135,16,136,10
136,17,450,8
137,17,89,14
138,17,516,8
139,17,516,10
140,17,553,9
141,17,315,8
142,17,392,19
143,17,301,1
144,18,566,19
145,18,46,1
146,18,152,3
147,18,562,17
148,18,568,13
149,18,55,9
150,18,249,12
151,18,222,1
152,19,362,10
153,19,531,2
154,19,345,13
155,19,538,8
156,19,13,14
157,19,189,6
158,19,135,8
159,19,398,7
160,20,511,17
161,20,448,15
162,20,23,18
163,20,202,7
164,20,456,16
165,20,143,6
166,20,23,3
167,20,433,1
168,21,406,13
169,21,521,14
170,21,205,16
171,21,376,3
172,21,285,11
173,21,281,7
174,21,153,12
175,21,197,1
176,22,2,16
177,22,130,8
178,22,466,14
179,22,128,12
180,22,367,11
181,22,485,19
182,22,459,1
183,22,290,14
184,23,368,8
185,23,118,17
186,23,200,17
187,23,586,18
188,23,181,1
189,23,59,3
190,23,144,4
191,23,290,15
192,24,281,16
193,24,458,14
194,24,186,4
195,24,93,8
196,24,336,16
197,24,434,12
198,24,113,7
199,24,491,11
200,25,537,6
201,25,284,9
202,25,558,14
203,25,207,11
204,25,359,8
205,25,204,14
206,25,152,5
207,25,230,15
208,26,94,4
209,26,590,5
210,26,272,19
211,26,35,10
212,26,462,16
213,26,162,10
214,26,166,3
215,26,307,15
216,27,539,11
217,27,293,14
218,27,183,15
219,27,206,16
220,27,393,18
221,27,65,17
222,27,361,3
223,27,195,12
224,28,590,13
225,28,361,17
226,28,418,17
227,28,591,16
228,28,452,2
229,28,598,13
230,28,88,7
231,28,535,17
232,29,116,9
233,29,105,1
234,29,155,18
235,29,455,2
236,29,197,18
237,29,68,9
238,29,430,5
239,29,422,11
240,30,190,5
241,30,335,18
242,30,104,10
243,30,155,7
244,30,518,13
245,30,502,5
246,30,50,1
247,30,591,7
248,31,66,6
249,31,482,19
250,31,186,12
251,31,474,7
252,31,394,7
253,31,67,1
254,31,183,6
255,31,174,1
256,32,387,7
257,32,188,9
258,32,523,17
259,32,494,2
260,32,24,14
261,32,298,5
262,32,490,5
263,32,566,18
264,33,320,9
265,33,255,17
266,33,19,4
267,33,313,3
268,33,438,4
269,33,250,18
270,33,453,17
271,33,466,2
272,34,312,12
273,34,260,11
274,34,55,9
275,34,503,10
276,34,481,5
277,34,54,15
278,34,30,2
279,34,420,16
280,35,581,13
281,35,341,3
282,35,379,12
283,35,395,5
284,35,482,16
285,35,397,5
286,35,464,17
287,35,341,16
288,36,433,17
289,36,240,6
290,36,99,10
291,36,323,15
292,36,292,5
293,36,11,3
294,36,137,3
295,36,533,9
296,37,503,16
297,37,115,8
298,37,481,4
299,37,294,17
300,37,404,11
301,37,483,8
302,37,181,12
303,37,491,19
304,38,423,8
305,38,416,11
306,38,246,8
307,38,200,15
308,38,449,16
309,38,68,10
310,38,340,14
311,38,4,17
312,39,26,12
313,39,524,8
314,39,475,19
315,39,77,4
316,39,171,14
317,39,233,17
318,39,388,1
319,39,434,19
320,40,162,6
321,40,60,6
322,40,208,12
323,40,95,18
324,40,178,15
325,40,3,15
326,40,193,4
327,40,499,8
328,41,460,11
329,41,153,9
330,41,454,14
331,41,592,13
332,41,368,13
333,41,29,16
334,41,538,2
335,41,34,2
336,42,298,6
337,42,177,3
338,42,95,9
339,42,49,14
340,42,538,11
341,42,464,7
342,42,192,9
343,42,51,10
344,43,319,13
345,43,448,2
346,43,201,18
347,43,300,6
348,43,462,4
349,43,163,12
350,43,335,6
351,43,581,19
352,44,555,13
353,44,395,19
354,44,241,11
355,44,89,15
356,44,360,19
357,44,491,16
358,44,436,17
359,44,210,12
360,45,301,14
361,45,282,17
362,45,297,9
363,45,62,10
364,45,227,9
365,45,246,19
366,45,279,19
367,45,8,7
368,46,591,10
369,46,209,19
370,46,583,5
371,46,297,6
372,46,152,16
373,46,2,2
374,46,46,2
375,46,139,16
376,47,26,7
377,47,269,9
378,47,366,16
379,47,280,14
380,47,111,6
381,47,559,18
382,47,551,4
383,47,271,14
384,48,407,3
385,48,373,19
386,48,187,6
387,48,415,4
388,48,137,2
389,48,18,10
390,48,326,13
391,48,467,3
392,49,315,17
393,49,38,19
394,49,486,6
395,49,578,15
396,49,563,4
397,49,560,9
398,49,58,5
399,49,470,19
400,50,304,17
401,50,242,12
402,50,527,19
403,50,209,7
404,50,253,1
405,50,48,16
406,50,280,10
407,50,82,11
408,51,228,19
409,51,444,15
410,51,331,18
411,51,242,2
412,51,298,17
413,51,540,15
414,51,417,10
415,51,323,12
416,52,394,19
417,52,66,10
418,52,507,7
419,52,581,4
420,52,299,19
421,52,416,9
422,52,77,9
423,52,288,18
424,53,243,19
425,53,542,3
426,53,283,2
427,53,7,11
428,53,121,12
429,53,427,15
430,53,500,2
431,53,190,7
432,54,257,18
433,54,433,18
434,54,45,11
435,54,32,4
436,54,229,15
437,54,545,18
438,54,460,16
439,54,97,10
440,55,192,17
441,55,102,8
442,55,276,16
443,55,390,3
444,55,296,13
445,55,543,14
446,55,118,6
447,55,51,8
448,56,546,13
449,56,60,3
450,56,195,16
451,56,268,7
452,56,598,4
453,56,381,18
454,56,521,6
455,56,84,6
456,57,343,7
457,57,474,7
458,57,3,18
459,57,178,6
460,57,470,16
461,57,108,3
462,57,266,18
463,57,422,6
464,58,553,14
465,58,339,16
466,58,427,7
467,58,568,1
468,58,160,15
469,58,180,2
470,58,405,12
471,58,379,3
472,59,235,3
473,59,213,16
474,59,468,2
475,59,469,3
476,59,340,7
477,59,94,19
478,59,509,18
479,59,438,13
480,60,110,15
481,60,426,19
482,60,253,11
483,60,91,14
484,60,212,17
485,60,435,10
486,60,582,9
487,60,24,10
488,61,60,13
489,61,439,12
490,61,286,1
491,61,450,7
492,61,477,6
493,61,235,1
494,61,124,9
495,61,269,14
496,62,453,4
497,62,285,14
498,62,404,11
499,62,340,11
500,62,91,18
501,62,155,3
502,62,57,10
503,62,64,3
504,63,397,17
505,63,160,10
506,63,535,10
507,63,542,12
508,63,295,13
509,63,375,11
510,63,588,19
511,63,101,5
512,64,425,3
513,64,284,12
514,64,557,19
515,64,573,17
516,64,19,19
517,64,99,12
518,64,139,12
519,64,204,5
520,65,296,5
521,65,135,13
522,65,161,16
523,65,279,7
524,65,372,3
525,65,180,9
526,65,419,15
527,65,454,19
528,66,39,16
529,66,333,1
530,66,214,19
531,66,563,12
532,66,500,9
533,66,154,8
534,66,552,12
535,66,400,17
536,67,310,4
537,67,300,5
538,67,528,3
539,67,552,11
540,67,124,3
541,67,191,2
542,67,362,9
543,67,261,16
544,68,585,17
545,68,379,3
546,68,326,8
547,68,511,16
548,68,63,4
549,68,463,1
550,68,501,16
551,68,216,5
552,69,279,15
553,69,325,7
554,69,519,17
555,69,589,19
556,69,421,16
557,69,26,16
558,69,336,4
559,69,488,13
560,70,87,1
561,70,449,13
562,70,274,5
563,70,509,9
564,70,362,16
565,70,311,10
566,70,487,7
567,70,116,18
568,71,263,6
569,71,340,18
570,71,193,5
571,71,495,7
572,71,360,11
573,71,341,18
574,71,116,13
575,71,112,9
576,72,313,6
577,72,242,4
578,72,391,12
579,72,147,7
580,72,20,1
581,72,150,7
582,72,71,7
583,72,517,12
584,73,427,11
585,73,0,5
586,73,380,3
587,73,340,5
588,73,188,9
589,73,130,5
590,73,177,12
591,73,41,1
592,74,132,18
593,74,72,14
594,74,446,12
595,74,80,10
596,74,25,14
597,74,182,10
598,74,588,11
599,74,389,13
600,75,473,5
601,75,103,13
602,75,40,7
603,75,589,17
604,75,170,11
605,75,186,6
606,75,282,8
607,75,589,2
608,76,424,2
609,76,163,4
610,76,64,9
611,76,134,11
612,76,274,14
613,76,288,13
614,76,215,1
615,76,199,12
616,77,424,8
617,77,156,3
618,77,361,15
619,77,296,5
620,77,212,13
621,77,100,1
622,77,23,3
623,77,305,9
624,78,139,9
625,78,86,16
626,78,509,5
627,78,574,14
628,78,473,5
629,78,110,15
630,78,581,8
631,78,215,17
632,79,356,7
633,79,295,14
634,79,13,5
635,79,237,9
636,79,229,19
637,79,219,5
638,79,109,14
639,79,338,5
640,80,301,5
641,80,159,18
642,80,6,8
643,80,509,9
644,80,578,7
645,80,479,19
646,80,334,2
647,80,154,1
648,81,283,15
649,81,354,12
650,81,147,5
651,81,196,9
652,81,69,13
653,81,155,11
654,81,206,8
655,81,570,1
656,82,371,8
657,82,585,15
658,82,24,2
659,82,56,5
660,82,197,15
661,82,197,8
662,82,257,14
663,82,177,1
664,83,191,19
665,83,279,18
666,83,554,2
667,83,3,1
668,83,183,14
669,83,433,10
670,83,528,7
671,83,84,5
672,84,155,3
673,84,145,1
674,84,296,17
675,84,255,10
676,84,529,18
677,84,166,15
678,84,131,4
679,84,246,16
680,85,219,14
681,85,97,10
682,85,158,8
683,85,120,12
684,85,46,6
685,85,101,5
686,85,576,12
687,85,189,1
688,86,60,10
689,86,442,1
690,86,5,18
691,86,125,18
692,86,465,4
693,86,470,12
694,86,547,11
695,86,214,2
696,87,393,14
697,87,36,2
698,87,76,10
699,87,578,1
700,87,325,18
701,87,486,18
702,87,426,8
703,87,397,19
704,88,303,10
705,88,96,14
706,88,301,3
707,88,478,2
708,88,32,8
709,88,3,10
710,88,77,10
711,88,80,9
712,89,512,19
713,89,191,10
714,89,217,10
715,89,60,16
716,89,404,4
717,89,95,14
718,89,372,7
719,89,545,11
720,90,271,7
721,90,482,7
722,90,388,10
723,90,81,17
724,90,388,14
725,90,451,11
726,90,383,14
727,90,386,15
728,91,178,2
729,91,341,11
730,91,232,6
731,91,545,11
732,91,254,15
733,91,476,1
734,91,112,9
735,91,67,8
736,92,428,12
737,92,225,1
738,92,343,5
739,92,368,19
740,92,371,11
741,92,222,5
742,92,85,15
743,92,368,13
744,93,182,18
745,93,519,12
746,93,21,3
747,93,86,9
748,93,53,10
749,93,218,16
750,93,490,15
751,93,423,2
752,94,174,9
753,94,44,2
754,94,499,8
755,94,99,15
756,94,391,19
757,94,526,11
758,94,173,7
759,94,451,7
760,95,436,3
761,95,528,17
762,95,380,18
763,95,154,4
764,95,555,15
765,95,507,9
766,95,584,15
767,95,468,19
768,96,55,3
769,96,544,13
770,96,368,8
771,96,373,1
772,96,479,4
773,96,205,2
774,96,575,7
775,96,101,16
776,97,456,14
777,97,210,15
778,97,208,8
779,97,518,7
780,97,16,5
781,97,37,8
782,97,349,13
783,97,379,14
784,98,515,9
785,98,157,18
786,98,122,4
787,98,192,14
788,98,280,4
789,98,313,16
790,98,467,8
791,98,24,2
792,99,596,19
793,99,460,6
794,99,455,2
795,99,287,7
796,99,258,12
797,99,257,12
798,99,401,3
799,99,327,7
800,100,214,3
801,100,436,5
802,100,416,11
803,100,567,14
804,100,403,2
805,100,450,14
806,100,543,19
807,100,314,13
808,101,433,5
809,101,202,6
810,101,427,16
811,101,293,13
812,101,299,1
813,101,583,16
814,101,164,7
815,101,504,3
816,102,479,15
817,102,101,8
818,102,569,9
819,102,385,10
820,102,312,2
821,102,34,18
822,102,26,4
823,102,554,12
824,103,296,18
825,103,96,3
826,103,236,4
827,103,228,19
828,103,313,6
829,103,348,4
830,103,350,19
831,103,95,13
832,104,315,9
833,104,25,18
834,104,488,17
835,104,216,9
836,104,577,3
837,104,340,19
838,104,433,5
839,104,60,9
840,105,557,4
841,105,417,10
842,105,406,10
843,105,133,4
844,105,361,9
845,105,311,8
846,105,211,15
847,105,0,16
848,106,563,3
849,106,583,7
850,106,349,14
851,106,278,9
852,106,464,16
853,106,76,8
854,106,490,18
855,106,87,13
856,107,454,15
857,107,263,11
858,107,418,19
859,107,231,18
860,107,456,1
861,107,111,13
862,107,316,6
863,107,313,7
864,108,410,5
865,108,341,3
866,108,418,7
867,108,349,5
868,108,488,5
869,108,113,8
870,108,199,7
871,108,173,19
872,109,84,2
873,109,528,3
874,109,420,1
875,109,316,19
876,109,183,16
877,109,74,3
878,109,99,13
879,109,342,12
880,110,43,4
881,110,302,9
882,110,435,12
883,110,422,10
884,110,301,6
885,110,569,2
886,110,250,5
887,110,39,10
888,111,132,10
889,111,420,15
890,111,75,17
891,111,488,10
892,111,276,10
893,111,163,14
894,111,347,17
895,111,584,8
896,112,465,8
897,112,494,14
898,112,336,3
899,112,326,7
900,112,344,6
901,112,431,12
902,112,384,2
903,112,440,13
904,113,553,4
905,113,127,1
906,113,563,11
907,113,242,16
908,113,134,6
909,113,290,18
910,113,437,6
911,113,50,8
912,114,445,12
913,114,318,16
914,114,534,16
915,114,80,3
916,114,43,16
917,114,347,17
918,114,312,14
919,114,561,11
920,115,8,10
921,115,33,19
922,115,135,16
923,115,101,3
924,115,291,13
925,115,167,19
926,115,529,4
927,115,338,4
928,116,231,6
929,116,237,17
930,116,543,9
931,116,409,11
932,116,348,10
933,116,147,2
934,116,177,1
935,116,369,9
936,117,249,14
937,117,91,9
938,117,12,16
939,117,406,16
940,117,241,17
941,117,512,7
942,117,303,15
943,117,258,10
944,118,9,8
945,118,20,8
946,118,157,2
947,118,401,15
948,118,438,10
949,118,125,3
950,118,569,8
951,118,110,15
952,119,447,13
953,119,537,12
954,119,242,7
955,119,248,15
956,119,7,18
957,119,205,8
958,119,250,7
959,119,204,14
960,120,308,4
961,120,138,7
962,120,175,14
963,120,125,19
964,120,560,2
965,120,72,10
966,120,290,11
967,120,559,1
968,121,80,17
969,121,358,16
970,121,498,4
971,121,160,18
972,121,61,12
973,121,194,5
974,121,111,17
975,121,82,7
976,122,163,12
977,122,299,13
978,122,284,8
979,122,387,4
980,122,227,3
981,122,257,6
982,122,270,8
983,122,418,5
984,123,164,2
985,123,111,17
986,123,433,15
987,123,151,8
988,123,195,2
989,123,348,18
990,123,469,9
991,123,378,6
992,124,218,14
993,124,549,3
994,124,76,8
995,124,244,6
996,124,168,10
997,124,152,7
998,124,426,14
999,124,466,11
1000,125,438,13
1001,125,89,3
1002,125,177,15
1003,125,290,8
1004,125,344,8
1005,125,63,18
1006,125,285,6
1007,125,388,15
1008,126,589,10
1009,126,110,3
1010,126,236,16
1011,126,63,6
1012,126,216,2
1013,126,315,4
1014,126,286,8
1015,126,58,17
1016,127,296,10
1017,127,442,9
1018,127,398,17
1019,127,247,15
1020,127,354,9
1021,127,220,16
1022,127,588,3
1023,127,189,2
1024,128,70,10
1025,128,575,2
1026,128,263,5
1027,128,536,13
1028,128,360,9
1029,128,225,8
1030,128,344,10
1031,128,374,4
1032,129,472,3
1033,129,240,11
1034,129,96,6
1035,129,176,9
1036,129,505,2
1037,129,486,2
1038,129,520,9
1039,129,363,16
1040,130,293,11
1041,130,247,15
1042,130,545,13
1043,130,41,7
1044,130,140,11
1045,130,453,18
1046,130,581,19
1047,130,18,14
1048,131,71,2
1049,131,295,16
1050,131,557,6
1051,131,555,12
1052,131,383,14
1053,131,372,7
1054,131,118,4
1055,131,72,10
1056,132,433,16
1057,132,39,5
1058,132,395,1
1059,132,551,15
1060,132,589,16
1061,132,200,5
1062,132,329,12
1063,132,365,10
1064,133,357,7
1065,133,128,18
1066,133,460,5
1067,133,369,12
1068,133,295,11
1069,133,438,19
1070,133,258,13
1071,133,81,2
1072,134,471,12
1073,134,508,12
1074,134,417,9
1075,134,497,17
1076,134,336,9
1077,134,374,2
1078,134,81,13
1079,134,264,9
1080,135,278,9
1081,135,484,1
1082,135,122,8
1083,135,248,9
1084,135,448,4
1085,135,47,8
1086,135,346,18
1087,135,533,1
1088,136,400,12
1089,136,255,9
1090,136,244,1
1091,136,381,16
1092,136,244,17
1093,136,220,1
1094,136,463,14
1095,136,483,2
1096,137,560,7
1097,137,4,4
1098,137,506,16
1099,137,355,9
1100,137,264,17
1101,137,73,6
1102,137,353,1
1103,137,73,7
1104,138,182,14
1105,138,464,4
1106,138,7,19
1107,138,133,15
1108,138,411,11
1109,138,103,11
1110,138,141,14
1111,138,512,4
1112,139,131,17
1113,139,439,18
1114,139,569,7
1115,139,218,1
1116,139,254,14
1117,139,351,13
1118,139,9,16
1119,139,522,6
1120,140,461,15
1121,140,596,19
1122,140,165,14
1123,140,229,15
1124,140,315,1
1125,140,233,12
1126,140,492,7
1127,140,307,2
1128,141,511,6
1129,141,19,2
1130,141,167,1
1131,141,522,19
1132,141,436,17
1133,141,290,8
1134,141,540,15
1135,141,298,19
1136,142,414,4
1137,142,231,7
1138,142,284,7
1139,142,547,3
1140,142,310,7
1141,142,153,15
1142,142,215,10
1143,142,395,15
1144,143,141,4
1145,143,173,19
1146,143,107,18
1147,143,244,16
1148,143,108,15
1149,143,221,12
1150,143,559,4
1151,143,596,3
1152,144,568,18
1153,144,461,17
1154,144,359,14
1155,144,582,19
1156,144,269,5
1157,144,160,7
1158,144,296,1
1159,144,318,14
1160,145,271,9
1161,145,393,14
1162,145,545,14
1163,145,536,6
1164,145,171,15
1165,145,506,1
1166,145,504,16
1167,145,307,12
1168,146,352,16
1169,146,33,8
1170,146,500,19
1171,146,405,16
1172,146,184,6
1173,146,494,7
1174,146,125,3
1175,146,235,8
1176,147,188,16
1177,147,454,14
1178,147,145,19
1179,147,366,11
1180,147,194,7
1181,147,193,14
1182,147,32,6
1183,147,93,13
1184,148,8,15
1185,148,44,15
1186,148,148,3
1187,148,576,14
1188,148,309,14
1189,148,62,14
1190,148,356,4
1191,148,269,16
1192,149,402,4
1193,149,383,15
1194,149,175,11
1195,149,102,19
1196,149,440,16
1197,149,19,16
1198,149,351,5
1199,149,15,13
1200,150,249,14
1201,150,378,17
1202,150,461,11
1203,150,405,13
1204,150,259,14
1205,150,123,16
1206,150,527,17
1207,150,8,4
1208,151,581,15
1209,151,572,1
1210,151,363,3
1211,151,450,15
1212,151,436,3
1213,151,171,1
1214,151,118,8
1215,151,299,1
1216,152,268,12
1217,152,506,1
1218,152,237,10
1219,152,564,15
1220,152,52,2
1221,152,313,9
1222,152,421,7
1223,152,552,6
1224,153,33,19
1225,153,253,8
1226,153,298,3
1227,153,337,12
1228,153,92,7
1229,153,582,14
1230,153,473,1
1231,153,469,13
1232,154,95,8
1233,154,421,2
1234,154,393,7
1235,154,450,7
1236,154,108,16
1237,154,232,16
1238,154,384,18
1239,154,113,11
1240,155,137,17
1241,155,308,3
1242,155,379,17
1243,155,354,9
1244,155,372,10
1245,155,197,17
1246,155,29,15
1247,155,415,2
1248,156,105,17
1249,156,538,12
1250,156,191,13
1251,156,490,15
1252,156,193,8
1253,156,566,12
1254,156,584,18
1255,156,567,16
1256,157,330,12
1257,157,244,13
1258,157,525,17
1259,157,338,11
1260,157,519,19
1261,157,568,14
1262,157,217,7
1263,157,418,4
1264,158,81,18
1265,158,533,9
1266,158,215,18
1267,158,413,15
1268,158,315,15
1269,158,176,17
1270,158,432,12
1271,158,346,19
1272,159,241,10
1273,159,104,14
1274,159,218,12
1275,159,106,6
1276,159,220,11
1277,159,19,4
1278,159,568,17
1279,159,127,9
1280,160,216,18
1281,160,135,9
1282,160,98,18
1283,160,52,18
1284,160,573,4
1285,160,520,12
1286,160,543,11
1287,160,93,4
1288,161,168,19
1289,161,139,16
1290,161,512,4
1291,161,349,5
1292,161,130,10
1293,161,542,2
1294,161,159,5
1295,161,79,17
1296,162,475,14
1297,162,73,7
1298,162,1,5
1299,162,310,11
1300,162,547,15
1301,162,42,16
1302,162,51,5
1303,162,60,4
1304,163,519,18
1305,163,27,13
1306,163,181,15
1307,163,62,10
1308,163,144,3
1309,163,459,2
1310,163,397,1
1311,163,377,12
1312,164,103,3
1313,164,164,1
1314,164,438,1
1315,164,73,10
1316,164,50,12
1317,164,94,1
1318,164,74,17
1319,164,55,18
1320,165,193,6
1321,165,36,4
1322,165,424,11
1323,165,133,13
1324,165,217,2
1325,165,425,4
1326,165,165,1
1327,165,109,9
1328,166,285,15
1329,166,557,5
1330,166,455,16
1331,166,465,13
1332,166,20,1
1333,166,221,8
1334,166,129,6
1335,166,142,4
1336,167,509,1
1337,167,545,11
1338,167,114,14
1339,167,481,4
1340,167,131,15
1341,167,583,10
1342,167,107,16
1343,167,528,1
1344,168,349,17
1345,168,128,17
1346,168,154,5
1347,168,270,6
1348,168,568,3
1349,168,190,2
1350,168,97,12
1351,168,291,17
1352,169,297,1
1353,169,512,11
1354,169,204,5
1355,169,338,3
1356,169,23,1
1357,169,269,19
1358,169,468,1
1359,169,571,16
1360,170,131,12
1361,170,421,11
1362,170,376,15
1363,170,481,18
1364,170,371,13
1365,170,371,14
1366,170,536,8
1367,170,177,6
1368,171,124,12
1369,171,291,4
1370,171,476,17
1371,171,493,19
1372,171,450,18
1373,171,268,13
1374,171,285,1
1375,171,335,17
1376,172,78,10
1377,172,141,3
1378,172,120,7
1379,172,23,5
1380,172,423,18
1381,172,465,3
1382,172,147,14
1383,172,325,13
1384,173,83,19
1385,173,398,11
1386,173,45,15
1387,173,268,14
1388,173,213,1
1389,173,421,6
1390,173,328,17
1391,173,503,1
1392,174,311,6
1393,174,596,1
1394,174,129,12
1395,174,6,9
1396,174,124,2
1397,174,189,15
1398,174,590,5
1399,174,417,19
1400,175,125,5
1401,175,432,1
1402,175,409,14
1403,175,66,8
1404,175,328,16
1405,175,374,12
1406,175,186,10
1407,175,113,10
1408,176,429,13
1409,176,492,3
1410,176,9,14
1411,176,343,16
1412,176,134,14
1413,176,100,7
1414,176,45,8
1415,176,132,3
1416,177,538,6
1417,177,541,10
1418,177,255,11
1419,177,449,13
1420,177,343,4
1421,177,493,12
1422,177,309,4
1423,177,489,9
1424,178,72,11
1425,178,474,8
1426,178,312,9
1427,178,106,7
1428,178,562,13
1429,178,181,2
1430,178,128,18
1431,178,152,5
1432,179,187,8
1433,179,40,19
1434,179,7,16
1435,179,178,12
1436,179,214,11
1437,179,509,12
1438,179,597,6
1439,179,307,19
1440,180,225,17
1441,180,19,14
1442,180,561,6
1443,180,441,15
1444,180,514,17
1445,180,367,19
1446,180,358,18
1447,180,308,3
1448,181,294,10
1449,181,377,11
1450,181,529,6
1451,181,399,1
1452,181,524,17
1453,181,132,12
1454,181,342,2
1455,181,425,9
1456,182,479,15
1457,182,478,14
1458,182,427,2
1459,182,430,1
1460,182,190,19
1461,182,28,4
1462,182,570,12
1463,182,278,5
1464,183,572,8
1465,183,457,11
1466,183,180,14
1467,183,581,14
1468,183,452,2
1469,183,400,19
1470,183,111,16
1471,183,457,13
1472,184,39,1
1473,184,470,1
1474,184,456,13
1475,184,298,10
1476,184,131,8
1477,184,599,2
1478,184,479,18
1479,184,439,15
1480,185,307,10
1481,185,500,13
1482,185,414,12
1483,185,598,5
1484,185,97,17
1485,185,387,10
1486,185,195,13
1487,185,292,19
1488,186,82,18
1489,186,427,19
1490,186,546,17
1491,186,580,19
1492,186,11,14
1493,186,557,1
1494,186,595,16
1495,186,464,16
1496,187,193,11
1497,187,68,16
1498,187,131,7
1499,187,573,11
1500,187,546,8
1501,187,60,7
1502,187,391,14
1503,187,572,13
1504,188,265,1
1505,188,80,19
1506,188,377,19
1507,188,230,12
1508,188,586,1
1509,188,157,1
1510,188,287,6
1511,188,471,4
1512,189,115,15
1513,189,427,15
1514,189,381,10
1515,189,257,11
1516,189,498,11
1517,189,280,13
1518,189,545,9
1519,189,317,17
1520,190,184,14
1521,190,310,15
1522,190,582,18
1523,190,282,3
1524,190,389,16
1525,190,307,15
1526,190,201,6
1527,190,522,19
1528,191,84,1
1529,191,467,10
1530,191,217,12
1531,191,368,1
1532,191,231,8
1533,191,559,4
1534,191,41,16
1535,191,96,8
1536,192,384,3
1537,192,334,11
1538,192,482,5
1539,192,461,10
1540,192,375,2
1541,192,402,19
1542,192,21,4
1543,192,275,16
1544,193,117,19
1545,193,571,8
1546,193,494,19
1547,193,481,12
1548,193,328,13
1549,193,570,5
1550,193,442,8
1551,193,551,16
1552,194,514,11
1553,194,452,12
1554,194,156,19
1555,194,149,9
1556,194,320,9
1557,194,501,1
1558,194,583,4
1559,194,578,6
1560,195,272,3
1561,195,28,18
1562,195,23,15
1563,195,61,12
1564,195,541,17
1565,195,593,14
1566,195,477,9
1567,195,475,2
1568,196,38,14
1569,196,139,14
1570,196,273,19
1571,196,91,16
1572,196,162,16
1573,196,61,9
1574,196,144,4
1575,196,421,6
1576,197,233,12
1577,197,7,7
1578,197,274,7
1579,197,248,1
1580,197,20,8
1581,197,328,12
1582,197,181,13
1583,197,432,7
1584,198,292,13
1585,198,484,12
1586,198,266,9
1587,198,58,9
1588,198,301,1
1589,198,413,11
1590,198,394,18
1591,198,35,17
1592,199,241,1
1593,199,70,4
1594,199,28,3
1595,199,398,2
1596,199,78,16
1597,199,248,16
1598,199,389,6
1599,199,530,10
1600,200,93,11
1601,200,189,13
1602,200,263,13
1603,200,261,1
1604,200,244,4
1605,200,197,18
1606,200,18,4
1607,200,541,10
1608,201,379,10
1609,201,242,2
1610,201,375,5
1611,201,167,15
1612,201,512,13
1613,201,102,18
1614,201,570,15
1615,201,153,15
1616,202,498,2
1617,202,109,18
1618,202,158,14
1619,202,510,14
1620,202,399,7
1621,202,537,16
1622,202,418,9
1623,202,148,6
1624,203,4,2
1625,203,229,18
1626,203,274,11
1627,203,547,16
1628,203,279,4
1629,203,575,4
1630,203,419,5
1631,203,223,2
1632,204,111,13
1633,204,140,9
1634,204,46,7
1635,204,126,1
1636,204,424,17
1637,204,176,4
1638,204,168,11
1639,204,102,11
1640,205,332,3
1641,205,584,6
1642,205,47,8
1643,205,255,17
1644,205,111,15
1645,205,287,10
1646,205,398,14
1647,205,235,12
1648,206,142,10
1649,206,472,8
1650,206,193,15
1651,206,405,9
1652,206,119,7
1653,206,354,8
1654,206,437,19
1655,206,588,14
1656,207,570,11
1657,207,426,16
1658,207,236,18
1659,207,65,13
1660,207,489,19
1661,207,154,9
1662,207,22,18
1663,207,224,17
1664,208,16,7
1665,208,573,9
1666,208,566,1
1667,208,24,10
1668,208,475,10
1669,208,238,19
1670,208,351,1
1671,208,374,3
1672,209,200,10
1673,209,109,9
1674,209,6,1
1675,209,100,16
1676,209,363,13
1677,209,91,13
1678,209,503,1
1679,209,493,19
1680,210,332,14
1681,210,133,19
1682,210,513,10
1683,210,208,19
1684,210,71,11
1685,210,305,13
1686,210,303,7
1687,210,215,17
1688,211,214,19
1689,211,437,19
1690,211,491,12
1691,211,265,18
1692,211,225,8
1693,211,67,16
1694,211,337,4
1695,211,285,17
1696,212,569,8
1697,212,163,1
1698,212,386,10
1699,212,440,12
1700,212,14,12
1701,212,466,12
1702,212,26,16
1703,212,397,18
1704,213,293,7
1705,213,232,4
1706,213,503,14
1707,213,235,6
1708,213,524,1
1709,213,109,19
1710,213,45,11
1711,213,207,6
1712,214,544,5
1713,214,29,5
1714,214,317,12
1715,214,320,8
1716,214,43,13
1717,214,155,2
1718,214,401,13
1719,214,242,2
1720,215,346,1
1721,215,57,13
1722,215,183,7
1723,215,190,10
1724,215,247,15
1725,215,462,12
1726,215,459,8
1727,215,4,10
1728,216,227,18
1729,216,52,1
1730,216,352,9
1731,216,379,7
1732,216,167,10
1733,216,352,5
1734,216,24,13
1735,216,152,5
1736,217,387,18
1737,217,75,5
1738,217,597,6
1739,217,502,6
1740,217,427,1
1741,217,87,1
1742,217,568,14
1743,217,85,14
1744,218,290,10
1745,218,47,2
1746,218,122,15
1747,218,42,18
1748,218,66,19
1749,218,366,2
1750,218,321,16
1751,218,209,9
1752,219,577,8
1753,219,474,13
1754,219,496,4
1755,219,374,19
1756,219,27,10
1757,219,125,18
1758,219,303,12
1759,219,195,7
1760,220,421,10
1761,220,416,3
1762,220,471,10
1763,220,535,7
1764,220,436,11
1765,220,166,15
1766,220,14,18
1767,220,127,14
1768,221,197,6
1769,221,233,8
1770,221,415,1
1771,221,223,3
1772,221,350,15
1773,221,293,12
1774,221,476,11
1775,221,39,15
1776,222,183,19
1777,222,391,19
1778,222,436,9
1779,222,150,11
1780,222,285,3
1781,222,462,6
1782,222,530,19
1783,222,547,12
1784,223,391,5
1785,223,237,16
1786,223,323,13
1787,223,19,8
1788,223,18,7
1789,223,248,17
1790,223,475,6
1791,223,58,8
1792,224,20,4
1793,224,29,12
1794,224,371,1
1795,224,456,2
1796,224,375,1
1797,224,531,1
1798,224,173,6
1799,224,288,10
1800,225,443,4
1801,225,547,11
1802,225,428,15
1803,225,169,13
1804,225,287,16
1805,225,486,14
1806,225,297,11
1807,225,551,14
1808,226,15,1
1809,226,552,16
1810,226,426,4
1811,226,59,11
1812,226,226,6
1813,226,401,3
1814,226,434,3
1815,226,349,19
1816,227,213,13
1817,227,220,17
1818,227,329,16
1819,227,157,13
1820,227,321,5
1821,227,399,10
1822,227,342,10
1823,227,348,17
1824,228,0,9
1825,228,40,16
1826,228,374,13
1827,228,516,14
1828,228,52,4
1829,228,181,10
1830,228,456,7
1831,228,249,3
1832,229,320,3
1833,229,272,17
1834,229,118,13
1835,229,328,1
1836,229,413,14
1837,229,81,12
1838,229,151,17
1839,229,439,5
1840,230,415,2
1841,230,76,5
1842,230,187,10
1843,230,394,18
1844,230,466,3
1845,230,140,10
1846,230,52,13
1847,230,538,13
1848,231,75,5
1849,231,199,9
1850,231,429,1
1851,231,224,1
1852,231,555,8
1853,231,486,18
1854,231,298,19
1855,231,541,10
1856,232,314,8
1857,232,535,10
1858,232,164,15
1859,232,283,8
1860,232,519,8
1861,232,339,14
1862,232,463,1
1863,232,37,16
1864,233,367,9
1865,233,43,12
1866,233,245,9
1867,233,73,18
1868,233,359,13
1869,233,126,14
1870,233,224,6
1871,233,29,17
1872,234,325,13
1873,234,532,4
1874,234,9,15
1875,234,157,3
1876,234,101,17
1877,234,409,3
1878,234,481,16
1879,234,439,14
1880,235,91,15
1881,235,212,2
1882,235,246,7
1883,235,24,18
1884,235,327,6
1885,235,332,2
1886,235,434,2
1887,235,205,7
1888,236,360,12
1889,236,110,15
1890,236,456,18
1891,236,487,17
1892,236,83,2
1893,236,82,2
1894,236,507,2
1895,236,262,1
1896,237,536,3
1897,237,246,7
1898,237,316,9
1899,237,133,8
1900,237,273,13
1901,237,460,19
1902,237,31,5
1903,237,123,12
1904,238,468,4
1905,238,283,11
1906,238,249,12
1907,238,500,8
1908,238,216,7
1909,238,474,4
1910,238,170,6
1911,238,342,14
1912,239,317,8
1913,239,134,11
1914,239,190,7
1915,239,502,3
1916,239,296,17
1917,239,441,5
1918,239,408,16
1919,239,367,18
1920,240,49,6
1921,240,235,2
1922,240,465,13
1923,240,191,1
1924,240,175,12
1925,240,110,18
1926,240,286,18
1927,240,488,3
1928,241,58,5
1929,241,585,17
1930,241,258,9
1931,241,361,3
1932,241,95,14
1933,241,491,7
1934,241,88,18
1935,241,369,8
1936,242,211,7
1937,242,53,10
1938,242,595,11
1939,242,87,7
1940,242,153,17
1941,242,109,15
1942,242,182,14
1943,242,475,8
1944,243,27,13
1945,243,443,5
1946,243,119,2
1947,243,310,9
1948,243,248,6
1949,243,365,12
1950,243,512,19
1951,243,86,5
1952,244,276,6
1953,244,29,5
1954,244,171,12
1955,244,556,8
1956,244,413,12
1957,244,513,10
1958,244,549,13
1959,244,599,16
1960,245,316,11
1961,245,254,6
1962,245,280,18
1963,245,500,5
1964,245,24,11
1965,245,560,10
1966,245,581,4
1967,245,25,13
1968,246,442,17
1969,246,95,4
1970,246,541,9
1971,246,68,13
1972,246,378,12
1973,246,366,12
1974,246,467,4
1975,246,571,1
1976,247,579,9
1977,247,588,2
1978,247,411,8
1979,247,176,6
1980,247,161,5
1981,247,74,11
1982,247,342,1
1983,247,216,16
1984,248,388,2
1985,248,24,14
1986,248,196,12
1987,248,211,16
1988,248,280,17
1989,248,345,5
1990,248,565,5
1991,248,370,14
1992,249,511,15
1993,249,503,18
1994,249,146,17
1995,249,356,11
1996,249,384,17
1997,249,310,3
1998,249,32,12
1999,249,534,16
2000,250,434,15
2001,250,363,6
2002,250,450,19
2003,250,47,7
2004,250,553,4
2005,250,140,5
2006,250,333,17
2007,250,39,3
2008,251,484,2
2009,251,362,13
2010,251,34,12
2011,251,75,4
2012,251,75,13
2013,251,129,11
2014,251,464,5
2015,251,578,11
2016,252,450,16
2017,252,535,3
2018,252,464,11
2019,252,226,13
2020,252,184,6
2021,252,186,8
2022,252,392,4
2023,252,234,14
2024,253,530,13
2025,253,6,14
2026,253,244,2
2027,253,564,8
2028,253,296,8
2029,253,57,13
2030,253,570,12
2031,253,289,18
2032,254,113,3
2033,254,75,7
2034,254,225,6
2035,254,49,8
2036,254,3,2
2037,254,541,19
2038,254,106,9
2039,254,527,15
2040,255,75,7
2041,255,65,1
2042,255,13,15
2043,255,595,4
2044,255,558,2
2045,255,41,8
2046,255,487,14
2047,255,129,5
2048,256,516,8
2049,256,29,18
2050,256,74,12
2051,256,75,15
2052,256,132,2
2053,256,516,11
2054,256,148,2
2055,256,251,15
2056,257,219,16
2057,257,432,13
2058,257,252,18
2059,257,358,16
2060,257,546,13
2061,257,355,15
2062,257,0,10
2063,257,201,1
2064,258,529,7
2065,258,290,10
2066,258,380,11
2067,258,88,8
2068,258,583,8
2069,258,260,2
2070,258,411,12
2071,258,100,9
2072,259,174,11
2073,259,77,3
2074,259,297,14
2075,259,106,12
2076,259,181,12
2077,259,251,19
2078,259,130,8
2079,259,129,17
2080,260,501,7
2081,260,96,16
2082,260,169,1
2083,260,206,11
2084,260,198,13
2085,260,82,2
2086,260,476,4
2087,260,278,8
2088,261,445,17
2089,261,15,9
2090,261,210,11
2091,261,137,8
2092,261,452,7
2093,261,369,16
2094,261,71,7
2095,261,273,15
2096,262,125,1
2097,262,469,18
2098,262,103,4
2099,262,341,1
2100,262,550,3
2101,262,540,8
2102,262,228,17
2103,262,599,3
2104,263,164,9
2105,263,425,5
2106,263,232,18
2107,263,332,9
2108,263,180,13
2109,263,491,10
2110,263,287,19
2111,263,111,8
2112,264,42,3
2113,264,212,7
2114,264,204,9
2115,264,414,18
2116,264,389,12
2117,264,265,16
2118,264,15,14
2119,264,135,19
2120,265,572,11
2121,265,317,1
2122,265,386,18
2123,265,440,12
2124,265,138,3
2125,265,442,8
2126,265,344,3
2127,265,360,1
2128,266,3,2
2129,266,447,8
2130,266,133,1
2131,266,111,7
2132,266,432,18
2133,266,544,2
2134,266,370,12
2135,266,17,6
2136,267,255,7
2137,267,351,16
2138,267,227,14
2139,267,515,16
2140,267,127,7
2141,267,554,6
2142,267,504,5
2143,267,450,4
2144,268,174,19
2145,268,313,6
2146,268,215,13
2147,268,3,10
2148,268,517,1
2149,268,451,8
2150,268,69,16
2151,268,379,9
2152,269,124,12
2153,269,403,1
2154,269,547,13
2155,269,306,10
2156,269,394,15
2157,269,462,18
2158,269,461,14
2159,269,347,6
2160,270,197,15
2161,270,3,15
2162,270,220,19
2163,270,398,15
2164,270,492,8
2165,270,525,16
2166,270,350,3
2167,270,464,3
2168,271,153,5
2169,271,284,12
2170,271,423,3
2171,271,588,13
2172,271,202,6
2173,271,466,7
2174,271,38,15
2175,271,131,11
2176,272,195,18
2177,272,362,10
2178,272,86,19
2179,272,360,9
2180,272,66,6
2181,272,0,1
2182,272,274,8
2183,272,66,17
2184,273,458,17
2185,273,7,6
2186,273,425,6
2187,273,451,19
2188,273,153,1
2189,273,33,4
2190,273,16,19
2191,273,313,5
2192,274,136,14
2193,274,227,11
2194,274,199,8
2195,274,467,5
2196,274,2,17
2197,274,190,11
2198,274,45,15
2199,274,536,3
2200,275,132,13
2201,275,205,9
2202,275,562,4
2203,275,140,5
2204,275,457,17
2205,275,53,13
2206,275,134,2
2207,275,516,4
2208,276,536,16
2209,276,518,2
2210,276,20,15
2211,276,323,13
2212,276,463,1
2213,276,214,17
2214,276,269,12
2215,276,525,18
2216,277,430,7
2217,277,300,12
2218,277,189,4
2219,277,433,13
2220,277,554,18
2221,277,443,17
2222,277,221,14
2223,277,97,8
2224,278,320,17
2225,278,87,9
2226,278,459,19
2227,278,420,17
2228,278,109,13
2229,278,76,1
2230,278,171,14
2231,278,287,14
2232,279,298,15
2233,279,418,16
2234,279,455,11
2235,279,387,9
2236,279,87,18
2237,279,307,15
2238,279,289,15
2239,279,119,18
2240,280,229,10
2241,280,104,4
2242,280,406,19
2243,280,548,12
2244,280,143,8
2245,280,303,10
2246,280,162,8
2247,280,125,8
2248,281,463,3
2249,281,460,18
2250,281,311,10
2251,281,19,3
2252,281,17,13
2253,281,33,16
2254,281,174,15
2255,281,75,8
2256,282,380,12
2257,282,203,16
2258,282,8,17
2259,282,159,11
2260,282,104,1
2261,282,513,4
2262,282,348,5
2263,282,193,13
2264,283,460,8
2265,283,517,3
2266,283,454,1
2267,283,142,15
2268,283,299,2
2269,283,558,9
2270,283,523,10
2271,283,165,1
2272,284,375,15
2273,284,176,7
2274,284,492,18
2275,284,77,13
2276,284,419,19
2277,284,558,13
2278,284,401,15
2279,284,442,13
2280,285,20,12
2281,285,240,2
2282,285,236,9
2283,285,557,13
2284,285,103,9
2285,285,366,3
2286,285,333,1
2287,285,120,15
2288,286,157,17
2289,286,12,7
2290,286,547,9
2291,286,160,7
2292,286,292,3
2293,286,595,16
2294,286,168,13
2295,286,123,14
2296,287,0,3
2297,287,157,12
2298,287,115,3
2299,287,181,6
2300,287,581,13
2301,287,444,5
2302,287,45,17
2303,287,570,17
2304,288,417,6
2305,288,92,4
2306,288,47,6
2307,288,110,15
2308,288,554,15
2309,288,120,11
2310,288,442,18
2311,288,431,9
2312,289,468,7
2313,289,139,8
2314,289,52,3
2315,289,343,11
2316,289,592,19
2317,289,393,2
2318,289,579,8
2319,289,376,8
2320,290,160,18
2321,290,334,9
2322,290,332,16
2323,290,438,2
2324,290,59,2
2325,290,149,1
2326,290,269,9
2327,290,109,3
2328,291,138,5
2329,291,420,10
2330,291,471,10
2331,291,412,16
2332,291,369,15
2333,291,75,16
2334,291,126,12
2335,291,98,8
2336,292,404,15
2337,292,82,15
2338,292,433,6
2339,292,572,17
2340,292,27,7
2341,292,145,12
2342,292,419,1
2343,292,192,3
2344,293,151,2
2345,293,366,2
2346,293,356,11
2347,293,191,18
2348,293,545,19
2349,293,226,2
2350,293,87,19
2351,293,225,18
2352,294,244,12
2353,294,550,15
2354,294,50,6
2355,294,120,18
2356,294,142,2
2357,294,501,15
2358,294,397,2
2359,294,512,1
2360,295,208,17
2361,295,388,14
2362,295,303,13
2363,295,46,16
2364,295,117,4
2365,295,205,11
2366,295,363,12
2367,295,141,14
2368,296,259,19
2369,296,214,6
2370,296,278,11
2371,296,281,9
2372,296,199,14
2373,296,372,14
2374,296,410,7
2375,296,542,7
2376,297,255,18
2377,297,414,13
2378,297,324,16
2379,297,0,18
2380,297,575,11
2381,297,105,19
2382,297,195,17
2383,297,256,10
2384,298,72,7
2385,298,559,18
2386,298,284,17
2387,298,9,18
2388,298,97,7
2389,298,451,9
2390,298,479,4
2391,298,395,3
2392,299,516,17
2393,299,306,9
2394,299,200,4
2395,299,163,7
2396,299,566,11
2397,299,1,5
2398,299,352,17
2399,299,79,10
2400,300,255,14
2401,300,565,11
2402,300,136,8
2403,300,119,3
2404,300,588,11
2405,300,500,2
2406,300,307,9
2407,300,178,9
2408,301,478,6
2409,301,426,16
2410,301,581,1
2411,301,124,12
2412,301,318,4
2413,301,565,15
2414,301,72,10
2415,301,36,3
2416,302,189,2
2417,302,356,14
2418,302,179,2
2419,302,355,9
2420,302,570,3
2421,302,33,7
2422,302,491,12
2423,302,85,5
2424,303,420,17
2425,303,556,13
2426,303,38,14
2427,303,284,9
2428,303,211,7
2429,303,211,7
2430,303,153,11
2431,303,453,16
2432,304,274,16
2433,304,188,10
2434,304,562,10
2435,304,197,4
2436,304,534,2
2437,304,346,10
2438,304,287,1
2439,304,52,6
2440,305,100,19
2441,305,163,12
2442,305,68,7
2443,305,342,3
2444,305,98,12
2445,305,208,18
2446,305,190,7
2447,305,73,6
2448,306,86,8
2449,306,196,2
2450,306,317,17
2451,306,424,14
2452,306,160,17
2453,306,93,6
2454,306,325,9
2455,306,150,14
2456,307,589,10
2457,307,22,10
2458,307,42,19
2459,307,336,13
2460,307,573,18
2461,307,331,15
2462,307,164,3
2463,307,133,4
2464,308,285,6
2465,308,283,12
2466,308,181,6
2467,308,27,1
2468,308,266,2
2469,308,21,3
2470,308,76,18
2471,308,538,8
2472,309,251,2
2473,309,376,6
2474,309,111,1
2475,309,23,12
2476,309,198,19
2477,309,69,1
2478,309,385,4
2479,309,190,10
2480,310,473,9
2481,310,166,3
2482,310,181,2
2483,310,468,8
2484,310,96,2
2485,310,49,19
2486,310,262,17
2487,310,360,19
2488,311,479,4
2489,311,462,2
2490,311,56,16
2491,311,222,13
2492,311,65,9
2493,311,577,6
2494,311,382,3
2495,311,88,12
2496,312,205,7
2497,312,165,15
2498,312,354,14
2499,312,492,14
2500,312,175,3
2501,312,97,15
2502,312,24,6
2503,312,397,16
2504,313,179,3
2505,313,571,11
2506,313,91,10
2507,313,98,7
2508,313,127,17
2509,313,185,9
2510,313,336,3
2511,313,292,13
2512,314,144,4
2513,314,349,3
2514,314,427,17
2515,314,89,4
2516,314,498,10
2517,314,468,15
2518,314,236,9
2519,314,461,6
2520,315,0,7
2521,315,74,12
2522,315,14,5
2523,315,594,13
2524,315,461,5
2525,315,252,1
2526,315,279,12
2527,315,553,15
2528,316,373,6
2529,316,429,7
2530,316,246,10
2531,316,408,11
2532,316,81,7
2533,316,575,11
2534,316,368,11
2535,316,550,9
2536,317,120,3
2537,317,380,4
2538,317,311,7
2539,317,227,11
2540,317,293,7
2541,317,367,10
2542,317,25,8
2543,317,536,16
2544,318,49,2
2545,318,399,14
2546,318,349,7
2547,318,214,5
2548,318,252,1
2549,318,227,18
2550,318,304,1
2551,318,342,17
2552,319,579,7
2553,319,265,8
2554,319,406,6
2555,319,15,1
2556,319,166,5
2557,319,313,2
2558,319,466,13
2559,319,595,12
2560,320,216,13
2561,320,127,3
2562,320,297,17
2563,320,302,14
2564,320,300,13
2565,320,453,7
2566,320,503,10
2567,320,46,13
2568,321,564,10
2569,321,329,15
2570,321,66,6
2571,321,169,17
2572,321,64,17
2573,321,364,9
2574,321,210,13
2575,321,296,13
2576,322,161,9
2577,322,303,12
2578,322,151,2
2579,322,259,13
2580,322,472,16
2581,322,288,8
2582,322,516,15
2583,322,203,15
2584,323,239,8
2585,323,422,1
2586,323,350,9
2587,323,530,13
2588,323,83,14
2589,323,545,1
2590,323,167,19
2591,323,89,1
2592,324,520,6
2593,324,527,14
2594,324,293,18
2595,324,173,10
2596,324,316,14
2597,324,298,11
2598,324,51,4
2599,324,430,14
2600,325,330,6
2601,325,207,18
2602,325,512,6
2603,325,552,16
2604,325,47,8
2605,325,35,11
2606,325,493,18
2607,325,137,16
2608,326,543,8
2609,326,554,19
2610,326,214,12
2611,326,99,4
2612,326,177,6
2613,326,263,5
2614,326,185,4
2615,326,125,5
2616,327,59,19
2617,327,479,3
2618,327,456,5
2619,327,40,17
2620,327,484,14
2621,327,323,9
2622,327,80,8
2623,327,482,5
2624,328,296,5
2625,328,488,16
2626,328,429,9
2627,328,265,3
2628,328,446,18
2629,328,10,6
2630,328,531,3
2631,328,511,11
2632,329,26,17
2633,329,434,18
2634,329,334,12
2635,329,37,7
2636,329,146,11
2637,329,116,19
2638,329,390,11
2639,329,178,14
2640,330,22,15
2641,330,522,5
2642,330,365,1
2643,330,238,12
2644,330,353,3
2645,330,386,4
2646,330,151,4
2647,330,239,8
2648,331,445,8
2649,331,486,13
2650,331,300,12
2651,331,261,10
2652,331,278,10
2653,331,587,7
2654,331,452,6
2655,331,160,9
2656,332,251,18
2657,332,230,5
2658,332,582,2
2659,332,34,4
2660,332,513,12
2661,332,195,4
2662,332,424,3
2663,332,132,19
2664,333,125,8
2665,333,432,10
2666,333,413,15
2667,333,290,9
2668,333,40,8
2669,333,590,4
2670,333,397,7
2671,333,268,18
2672,334,253,5
2673,334,415,5
2674,334,349,6
2675,334,177,7
2676,334,224,9
2677,334,475,2
2678,334,255,4
2679,334,292,11
2680,335,404,4
2681,335,176,13
2682,335,89,13
2683,335,301,14
2684,335,478,6
2685,335,406,1
2686,335,347,8
2687,335,22,3
2688,336,254,19
2689,336,296,1
2690,336,176,2
2691,336,117,19
2692,336,310,15
2693,336,531,15
2694,336,445,11
2695,336,339,11
2696,337,231,10
2697,337,592,16
2698,337,100,12
2699,337,154,12
2700,337,245,12
2701,337,255,9
2702,337,60,11
2703,337,147,12
2704,338,189,6
2705,338,255,4
2706,338,290,6
2707,338,383,1
2708,338,121,11
2709,338,111,9
2710,338,404,17
2711,338,419,18
2712,339,404,18
2713,339,340,13
2714,339,530,18
2715,339,427,8
2716,339,471,11
2717,339,149,3
2718,339,513,19
2719,339,44,18
2720,340,410,11
2721,340,526,2
2722,340,458,15
2723,340,102,9
2724,340,73,9
2725,340,540,1
2726,340,413,3
2727,340,548,14
2728,341,147,9
2729,341,40,13
2730,341,78,7
2731,341,9,6
2732,341,186,12
2733,341,495,7
2734,341,245,18
2735,341,219,6
2736,342,149,7
2737,342,43,15
2738,342,569,12
2739,342,57,15
2740,342,151,5
2741,342,598,5
2742,342,441,12
2743,342,112,1
2744,343,450,7
2745,343,586,6
2746,343,303,7
2747,343,430,17
2748,343,288,15
2749,343,454,12
2750,343,249,15
2751,343,51,16
2752,344,323,4
2753,344,227,18
2754,344,158,4
2755,344,496,7
2756,344,349,9
2757,344,352,19
2758,344,313,5
2759,344,516,15
2760,345,346,4
2761,345,413,9
2762,345,436,9
2763,345,151,13
2764,345,466,7
2765,345,44,9
2766,345,6,12
2767,345,521,6
2768,346,491,16
2769,346,531,18
2770,346,485,16
2771,346,301,3
2772,346,67,15
2773,346,335,19
2774,346,16,4
2775,346,184,8
2776,347,548,7
2777,347,117,15
2778,347,124,3
2779,347,398,3
2780,347,470,14
2781,347,595,18
2782,347,280,19
2783,347,484,18
2784,348,167,15
2785,348,135,19
2786,348,162,7
2787,348,493,17
2788,348,60,12
2789,348,278,5
2790,348,173,13
2791,348,508,2
2792,349,35,8
2793,349,20,18
2794,349,536,1
2795,349,351,17
2796,349,333,11
2797,349,558,14
2798,349,53,9
2799,349,291,1
2800,350,275,18
2801,350,386,8
2802,350,530,8
2803,350,94,5
2804,350,331,16
2805,350,386,12
2806,350,251,18
2807,350,544,17
2808,351,578,2
2809,351,293,8
2810,351,215,19
2811,351,281,15
2812,351,140,6
2813,351,454,17
2814,351,218,8
2815,351,168,18
2816,352,557,13
2817,352,191,1
2818,352,383,5
2819,352,542,7
2820,352,578,13
2821,352,376,9
2822,352,528,14
2823,352,266,12
2824,353,31,8
2825,353,17,18
2826,353,81,9
2827,353,33,15
2828,353,551,13
2829,353,185,18
2830,353,220,15
2831,353,535,1
2832,354,134,18
2833,354,562,5
2834,354,452,14
2835,354,50,11
2836,354,191,9
2837,354,447,16
2838,354,9,15
2839,354,360,7
2840,355,158,17
2841,355,5,3
2842,355,178,2
2843,355,65,19
2844,355,470,13
2845,355,86,17
2846,355,239,8
2847,355,84,10
2848,356,13,15
2849,356,306,2
2850,356,225,14
2851,356,118,11
2852,356,193,9
2853,356,21,16
2854,356,489,9
2855,356,379,15
2856,357,223,6
2857,357,370,9
2858,357,184,13
2859,357,235,9
2860,357,266,16
2861,357,330,11
2862,357,536,10
2863,357,0,18
2864,358,345,2
2865,358,270,2
2866,358,328,5
2867,358,196,8
2868,358,543,7
2869,358,215,16
2870,358,567,4
2871,358,34,3
2872,359,318,7
2873,359,40,3
2874,359,57,1
2875,359,536,14
2876,359,347,7
2877,359,488,12
2878,359,342,2
2879,359,535,3
2880,360,234,11
2881,360,531,12
2882,360,253,13
2883,360,292,7
2884,360,576,14
2885,360,475,13
2886,360,14,9
2887,360,50,10
2888,361,47,19
2889,361,28,13
2890,361,239,18
2891,361,183,10
2892,361,477,1
2893,361,428,19
2894,361,495,5
2895,361,136,9
2896,362,95,16
2897,362,142,4
2898,362,432,6
2899,362,136,7
2900,362,204,15
2901,362,157,10
2902,362,82,10
2903,362,163,14
2904,363,362,9
2905,363,251,7
2906,363,209,1
2907,363,449,13
2908,363,449,1
2909,363,173,11
2910,363,229,1
2911,363,114,5
2912,364,562,19
2913,364,23,6
2914,364,267,1
2915,364,293,4
2916,364,55,8
2917,364,253,3
2918,364,374,1
2919,364,268,5
2920,365,147,4
2921,365,92,2
2922,365,186,7
2923,365,455,19
2924,365,304,2
2925,365,508,3
2926,365,118,4
2927,365,473,12
2928,366,349,8
2929,366,4,9
2930,366,503,8
2931,366,422,16
2932,366,578,9
2933,366,478,9
2934,366,56,8
2935,366,516,18
2936,367,146,9
2937,367,326,15
2938,367,576,16
2939,367,301,2
2940,367,105,16
2941,367,132,10
2942,367,362,12
2943,367,77,3
2944,368,254,11
2945,368,219,6
2946,368,361,15
2947,368,86,14
2948,368,79,8
2949,368,93,8
2950,368,423,1
2951,368,370,3
2952,369,451,10
2953,369,380,6
2954,369,382,7
2955,369,156,11
2956,369,456,12
2957,369,166,1
2958,369,429,7
2959,369,582,8
2960,370,122,7
2961,370,245,5
2962,370,211,2
2963,370,319,15
2964,370,126,16
2965,370,91,18
2966,370,412,12
2967,370,197,17
2968,371,536,19
2969,371,556,7
2970,371,548,14
2971,371,94,6
2972,371,171,4
2973,371,406,2
2974,371,42,16
2975,371,306,4
2976,372,149,10
2977,372,199,1
2978,372,201,1
2979,372,533,4
2980,372,289,16
2981,372,125,8
2982,372,68,4
2983,372,19,13
2984,373,36,7
2985,373,198,7
2986,373,269,1
2987,373,81,5
2988,373,100,3
2989,373,531,6
2990,373,321,7
2991,373,251,8
2992,374,545,7
2993,374,180,17
2994,374,232,18
2995,374,380,17
2996,374,236,18
2997,374,387,18
2998,374,558,5
2999,374,214,3
3000,375,286,19
3001,375,206,7
3002,375,37,11
3003,375,109,3
3004,375,495,19
3005,375,256,6
3006,375,271,11
3007,375,82,13
3008,376,139,14
3009,376,461,11
3010,376,89,19
3011,376,565,19
3012,376,184,17
3013,376,40,7
3014,376,136,18
3015,376,563,6
3016,377,598,1
3017,377,310,10
3018,377,45,4
3019,377,486,18
3020,377,333,3
3021,377,236,14
3022,377,24,12
3023,377,247,1
3024,378,537,4
3025,378,28,2
3026,378,312,15
3027,378,208,9
3028,378,289,8
3029,378,599,6
3030,378,458,10
3031,378,52,12
3032,379,101,18
3033,379,81,14
3034,379,542,19
3035,379,470,12
3036,379,386,10
3037,379,127,3
3038,379,25,6
3039,379,53,1
3040,380,234,12
3041,380,82,5
3042,380,231,1
3043,380,352,7
3044,380,195,1
3045,380,459,7
3046,380,443,9
3047,380,414,16
3048,381,320,17
3049,381,105,10
3050,381,529,4
3051,381,57,13
3052,381,444,18
3053,381,385,14
3054,381,375,8
3055,381,90,10
3056,382,268,15
3057,382,471,13
3058,382,337,10
3059,382,430,15
3060,382,529,14
3061,382,376,11
3062,382,496,5
3063,382,237,13
3064,383,110,15
3065,383,295,18
3066,383,220,4
3067,383,117,5
3068,383,284,9
3069,383,23,16
3070,383,319,9
3071,383,2,11
3072,384,433,9
3073,384,493,3
3074,384,12,12
3075,384,270,14
3076,384,347,18
3077,384,98,12
3078,384,264,15
3079,384,7,19
3080,385,341,3
3081,385,165,6
3082,385,33,3
3083,385,280,14
3084,385,190,19
3085,385,521,19
3086,385,286,14
3087,385,17,17
3088,386,434,9
3089,386,431,17
3090,386,203,6
3091,386,462,11
3092,386,132,19
3093,386,547,6
3094,386,153,1
3095,386,108,1
3096,387,329,16
3097,387,442,7
3098,387,353,4
3099,387,572,15
3100,387,427,3
3101,387,272,16
3102,387,478,5
3103,387,215,18
3104,388,596,6
3105,388,248,10
3106,388,254,11
3107,388,468,6
3108,388,135,10
3109,388,144,7
3110,388,598,15
3111,388,174,2
3112,389,424,2
3113,389,37,9
3114,389,228,16
3115,389,205,9
3116,389,260,11
3117,389,597,16
3118,389,212,9
3119,389,556,18
3120,390,322,13
3121,390,232,19
3122,390,280,11
3123,390,481,12
3124,390,75,2
3125,390,295,13
3126,390,269,11
3127,390,384,4
3128,391,537,19
3129,391,361,13
3130,391,421,11
3131,391,109,11
3132,391,123,5
3133,391,494,16
3134,391,407,14
3135,391,451,12
3136,392,305,15
3137,392,586,12
3138,392,95,16
3139,392,441,12
3140,392,185,16
3141,392,217,4
3142,392,443,4
3143,392,514,7
3144,393,28,1
3145,393,197,16
3146,393,15,16
3147,393,221,7
3148,393,344,3
3149,393,545,18
3150,393,223,8
3151,393,290,11
3152,394,80,4
3153,394,574,17
3154,394,89,18
3155,394,391,8
3156,394,5,16
3157,394,321,19
3158,394,514,4
3159,394,334,16
3160,395,138,15
3161,395,311,11
3162,395,363,18
3163,395,522,7
3164,395,13,3
3165,395,372,15
3166,395,455,18
3167,395,111,11
3168,396,539,11
3169,396,208,18
3170,396,454,15
3171,396,395,3
3172,396,331,9
3173,396,342,10
3174,396,259,12
3175,396,157,12
3176,397,572,6
3177,397,425,18
3178,397,192,10
3179,397,421,8
3180,397,205,3
3181,397,442,15
3182,397,468,6
3183,397,229,8
3184,398,585,3
3185,398,298,12
3186,398,564,5
3187,398,594,7
3188,398,507,12
3189,398,16,5
3190,398,456,6
3191,398,343,9
3192,399,434,4
3193,399,532,8
3194,399,454,8
3195,399,94,8
3196,399,147,13
3197,399,421,2
3198,399,90,14
3199,399,206,13
3200,400,543,19
3201,400,240,17
3202,400,297,18
3203,400,220,11
3204,400,75,4
3205,400,516,6
3206,400,41,15
3207,400,338,14
3208,401,507,8
3209,401,566,10
3210,401,326,2
3211,401,170,11
3212,401,145,4
3213,401,80,3
3214,401,448,14
3215,401,378,4
3216,402,314,19
3217,402,159,17
3218,402,321,18
3219,402,357,14
3220,402,570,18
3221,402,28,13
3222,402,32,4
3223,402,284,18
3224,403,292,17
3225,403,219,5
3226,403,567,3
3227,403,367,9
3228,403,448,8
3229,403,353,4
3230,403,163,19
3231,403,526,6
3232,404,90,8
3233,404,204,4
3234,404,110,5
3235,404,253,11
3236,404,264,6
3237,404,281,9
3238,404,384,2
3239,404,361,4
3240,405,584,18
3241,405,107,3
3242,405,416,11
3243,405,77,6
3244,405,274,1
3245,405,337,11
3246,405,83,6
3247,405,504,10
3248,406,8,11
3249,406,589,9
3250,406,332,9
3251,406,381,15
3252,406,463,19
3253,406,30,6
3254,406,14,4
3255,406,287,1
3256,407,214,3
3257,407,89,2
3258,407,47,3
3259,407,307,19
3260,407,580,9
3261,407,451,7
3262,407,378,12
3263,407,408,13
3264,408,559,17
3265,408,587,14
3266,408,566,2
3267,408,251,7
3268,408,553,7
3269,408,85,7
3270,408,555,3
3271,408,170,11
3272,409,123,11
3273,409,138,16
3274,409,168,15
3275,409,361,3
3276,409,380,9
3277,409,341,4
3278,409,179,13
3279,409,306,2
3280,410,147,3
3281,410,71,17
3282,410,187,17
3283,410,571,12
3284,410,396,1
3285,410,92,6
3286,410,79,13
3287,410,303,16
3288,411,404,18
3289,411,152,13
3290,411,577,5
3291,411,79,14
3292,411,420,14
3293,411,534,14
3294,411,363,10
3295,411,107,16
3296,412,597,13
3297,412,9,11
3298,412,591,2
3299,412,159,19
3300,412,476,7
3301,412,260,10
3302,412,158,12
3303,412,518,4
3304,413,480,6
3305,413,528,5
3306,413,60,13
3307,413,421,7
3308,413,396,11
3309,413,44,17
3310,413,500,10
3311,413,186,11
3312,414,213,8
3313,414,105,19
3314,414,370,13
3315,414,203,10
3316,414,394,5
3317,414,245,14
3318,414,479,18
3319,414,280,9
3320,415,39,18
3321,415,475,11
3322,415,46,4
3323,415,8,9
3324,415,526,15
3325,415,126,8
3326,415,135,11
3327,415,361,11
3328,416,189,14
3329,416,192,2
3330,416,240,8
3331,416,276,2
3332,416,515,18
3333,416,582,16
3334,416,208,2
3335,416,137,11
3336,417,117,6
3337,417,86,11
3338,417,10,17
3339,417,204,4
3340,417,270,13
3341,417,386,2
3342,417,234,11
3343,417,213,16
3344,418,363,11
3345,418,577,5
3346,418,320,13
3347,418,495,10
3348,418,164,14
3349,418,57,18
3350,418,106,9
3351,418,324,7
3352,419,135,11
3353,419,154,9
3354,419,222,15
3355,419,155,4
3356,419,203,16
3357,419,429,11
3358,419,571,17
3359,419,163,10
3360,420,529,3
3361,420,129,18
3362,420,557,14
3363,420,230,6
3364,420,169,19
3365,420,446,11
3366,420,594,6
3367,420,103,16
3368,421,474,1
3369,421,339,17
3370,421,449,5
3371,421,375,14
3372,421,434,6
3373,421,469,3
3374,421,266,13
3375,421,296,14
3376,422,95,7
3377,422,528,11
3378,422,105,4
3379,422,572,1
3380,422,161,11
3381,422,592,5
3382,422,566,15
3383,422,273,2
3384,423,418,1
3385,423,485,13
3386,423,13,14
3387,423,482,1
3388,423,376,19
3389,423,284,3
3390,423,277,12
3391,423,531,6
3392,424,289,1
3393,424,452,18
3394,424,450,1
3395,424,340,17
3396,424,219,3
3397,424,233,7
3398,424,553,4
3399,424,408,9
3400,425,430,2
3401,425,291,13
3402,425,386,9
3403,425,85,2
3404,425,471,6
3405,425,119,19
3406,425,39,15
3407,425,350,7
3408,426,519,19
3409,426,123,12
3410,426,290,4
3411,426,41,5
3412,426,263,2
3413,426,387,4
3414,426,42,12
3415,426,465,14
3416,427,391,5
3417,427,326,16
3418,427,145,14
3419,427,421,8
3420,427,456,3
3421,427,546,8
3422,427,255,1
3423,427,470,6
3424,428,282,11
3425,428,1,12
3426,428,158,2
3427,428,587,2
3428,428,203,10
3429,428,278,4
3430,428,335,15
3431,428,126,15
3432,429,380,11
3433,429,199,9
3434,429,276,6
3435,429,139,4
3436,429,187,17
3437,429,63,12
3438,429,432,1
3439,429,466,16
3440,430,22,6
3441,430,221,9
3442,430,4,2
3443,430,352,15
3444,430,234,10
3445,430,418,9
3446,430,368,17
3447,430,104,7
3448,431,407,2
3449,431,473,4
3450,431,24,14
3451,431,242,16
3452,431,8,18
3453,431,52,7
3454,431,174,12
3455,431,148,18
3456,432,338,19
3457,432,193,8
3458,432,519,2
3459,432,185,17
3460,432,80,14
3461,432,437,13
3462,432,473,5
3463,432,586,6
3464,433,298,16
3465,433,538,6
3466,433,95,11
3467,433,166,6
3468,433,75,9
3469,433,288,9
3470,433,21,17
3471,433,480,15
3472,434,143,14
3473,434,141,19
3474,434,412,15
3475,434,173,19
3476,434,195,4
3477,434,66,1
3478,434,294,12
3479,434,434,13
3480,435,330,4
3481,435,225,7
3482,435,8,9
3483,435,24,6
3484,435,423,1
3485,435,588,7
3486,435,37,2
3487,435,461,10
3488,436,370,12
3489,436,393,12
3490,436,438,14
3491,436,148,8
3492,436,101,4
3493,436,261,13
3494,436,452,3
3495,436,136,10
3496,437,209,11
3497,437,373,4
3498,437,400,6
3499,437,587,7
3500,437,588,1
3501,437,221,5
3502,437,352,14
3503,437,142,14
3504,438,34,6
3505,438,231,13
3506,438,378,18
3507,438,355,16
3508,438,492,14
3509,438,291,19
3510,438,158,4
3511,438,102,9
3512,439,10,3
3513,439,551,15
3514,439,75,1
3515,439,424,19
3516,439,582,17
3517,439,458,15
3518,439,51,8
3519,439,205,10
3520,440,240,1
3521,440,478,12
3522,440,359,10
3523,440,458,9
3524,440,76,17
3525,440,360,14
3526,440,378,1
3527,440,315,4
3528,441,56,19
3529,441,523,15
3530,441,405,11
3531,441,384,13
3532,441,207,17
3533,441,86,4
3534,441,410,10
3535,441,483,13
3536,442,537,15
3537,442,241,14
3538,442,540,15
3539,442,504,3
3540,442,368,14
3541,442,195,15
3542,442,550,2
3543,442,130,5
3544,443,351,8
3545,443,64,3
3546,443,289,12
3547,443,441,9
3548,443,331,17
3549,443,53,5
3550,443,493,16
3551,443,438,4
3552,444,231,17
3553,444,407,10
3554,444,330,9
3555,444,234,2
3556,444,444,8
3557,444,172,14
3558,444,245,19
3559,444,20,2
3560,445,169,13
3561,445,133,16
3562,445,246,10
3563,445,269,8
3564,445,107,14
3565,445,482,15
3566,445,85,7
3567,445,384,16
3568,446,444,12
3569,446,85,1
3570,446,175,4
3571,446,346,6
3572,446,227,4
3573,446,197,3
3574,446,386,6
3575,446,481,12
3576,447,179,10
3577,447,586,1
3578,447,74,9
3579,447,590,12
3580,447,344,7
3581,447,220,7
3582,447,385,15
3583,447,457,3
3584,448,317,3
3585,448,396,14
3586,448,475,7
3587,448,303,1
3588,448,341,4
3589,448,537,9
3590,448,407,5
3591,448,476,8
3592,449,535,13
3593,449,444,13
3594,449,249,12
3595,449,452,3
3596,449,429,15
3597,449,147,3
3598,449,43,12
3599,449,347,16
3600,450,574,17
3601,450,17,7
3602,450,69,17
3603,450,499,13
3604,450,304,4
3605,450,397,3
3606,450,374,19
3607,450,234,19
3608,451,307,16
3609,451,116,11
3610,451,479,3
3611,451,70,16
3612,451,195,14
3613,451,30,3
3614,451,354,4
3615,451,362,16
3616,452,27,18
3617,452,476,8
3618,452,260,13
3619,452,366,9
3620,452,472,8
3621,452,257,18
3622,452,243,10
3623,452,3,6
3624,453,65,11
3625,453,158,17
3626,453,204,11
3627,453,210,8
3628,453,146,16
3629,453,329,13
3630,453,393,4
3631,453,262,9
3632,454,36,11
3633,454,193,4
3634,454,587,1
3635,454,239,2
3636,454,537,3
3637,454,145,4
3638,454,482,14
3639,454,145,17
3640,455,411,17
3641,455,201,13
3642,455,448,9
3643,455,529,15
3644,455,25,6
3645,455,551,16
3646,455,108,5
3647,455,25,19
3648,456,117,13
3649,456,72,2
3650,456,162,11
3651,456,367,3
3652,456,574,18
3653,456,472,2
3654,456,429,15
3655,456,188,10
3656,457,65,9
3657,457,410,13
3658,457,426,5
3659,457,458,1
3660,457,536,4
3661,457,154,11
3662,457,558,4
3663,457,176,4
3664,458,301,8
3665,458,245,18
3666,458,339,17
3667,458,72,13
3668,458,432,14
3669,458,12,5
3670,458,410,10
3671,458,421,14
3672,459,94,2
3673,459,107,13
3674,459,289,8
3675,459,238,16
3676,459,413,11
3677,459,207,18
3678,459,102,12
3679,459,460,8
3680,460,40,3
3681,460,565,1
3682,460,342,2
3683,460,64,8
3684,460,488,10
3685,460,28,6
3686,460,404,8
3687,460,49,12
3688,461,501,1
3689,461,134,11
3690,461,431,16
3691,461,312,19
3692,461,244,12
3693,461,392,5
3694,461,341,4
3695,461,463,13
3696,462,268,17
3697,462,46,14
3698,462,248,5
3699,462,100,19
3700,462,134,19
3701,462,158,8
3702,462,55,13
3703,462,286,5
3704,463,554,2
3705,463,579,2
3706,463,340,7
3707,463,255,12
3708,463,441,19
3709,463,359,2
3710,463,206,8
3711,463,390,5
3712,464,210,8
3713,464,62,19
3714,464,508,1
3715,464,396,8
3716,464,29,15
3717,464,441,18
3718,464,40,7
3719,464,408,1
3720,465,472,11
3721,465,435,14
3722,465,1,16
3723,465,265,14
3724,465,559,11
3725,465,31,1
3726,465,397,6
3727,465,188,4
3728,466,336,7
3729,466,482,14
3730,466,425,17
3731,466,190,16
3732,466,293,6
3733,466,501,11
3734,466,581,2
3735,466,550,18
3736,467,257,12
3737,467,422,16
3738,467,244,1
3739,467,397,9
3740,467,568,5
3741,467,63,14
3742,467,175,1
3743,467,19,12
3744,468,76,18
3745,468,168,11
3746,468,385,2
3747,468,52,12
3748,468,53,1
3749,468,71,13
3750,468,112,18
3751,468,457,2
3752,469,477,18
3753,469,554,15
3754,469,252,4
3755,469,551,14
3756,469,475,4
3757,469,42,10
3758,469,299,19
3759,469,284,7
3760,470,471,4
3761,470,17,17
3762,470,31,8
3763,470,145,11
3764,470,137,9
3765,470,283,15
3766,470,91,3
3767,470,181,13
3768,471,201,9
3769,471,258,17
3770,471,9,9
3771,471,7,1
3772,471,94,3
3773,471,446,1
3774,471,118,12
3775,471,597,2
3776,472,387,11
3777,472,152,17
3778,472,189,14
3779,472,438,10
3780,472,524,15
3781,472,288,7
3782,472,365,17
3783,472,331,16
3784,473,482,13
3785,473,439,19
3786,473,505,1
3787,473,114,19
3788,473,165,3
3789,473,548,5
3790,473,208,6
3791,473,112,9
3792,474,72,11
3793,474,267,5
3794,474,148,4
3795,474,469,18
3796,474,336,13
3797,474,43,18
3798,474,89,12
3799,474,70,5
3800,475,189,14
3801,475,303,17
3802,475,486,2
3803,475,524,19
3804,475,30,11
3805,475,71,5
3806,475,364,13
3807,475,392,9
3808,476,63,12
3809,476,116,18
3810,476,487,7
3811,476,451,2
3812,476,387,5
3813,476,239,6
3814,476,584,14
3815,476,69,9
3816,477,391,2
3817,477,316,3
3818,477,555,3
3819,477,379,14
3820,477,247,18
3821,477,395,3
3822,477,140,15
3823,477,37,4
3824,478,245,11
3825,478,161,15
3826,478,50,14
3827,478,139,6
3828,478,476,10
3829,478,583,4
3830,478,556,17
3831,478,201,18
3832,479,493,11
3833,479,531,9
3834,479,229,15
3835,479,250,4
3836,479,568,14
3837,479,509,10
3838,479,135,5
3839,479,255,16
3840,480,262,16
3841,480,563,5
3842,480,275,7
3843,480,240,7
3844,480,434,14
3845,480,24,18
3846,480,460,5
3847,480,391,17
3848,481,516,3
3849,481,251,15
3850,481,537,10
3851,481,19,13
3852,481,454,14
3853,481,319,5
3854,481,438,12
3855,481,391,18
3856,482,70,8
3857,482,320,10
3858,482,69,5
3859,482,374,7
3860,482,121,4
3861,482,137,12
3862,482,413,19
3863,482,418,17
3864,483,529,9
3865,483,248,1
3866,483,172,16
3867,483,521,8
3868,483,350,1
3869,483,502,16
3870,483,413,2
3871,483,193,12
3872,484,51,9
3873,484,167,9
3874,484,439,2
3875,484,184,14
3876,484,172,8
3877,484,255,6
3878,484,62,2
3879,484,461,4
3880,485,239,10
3881,485,327,18
3882,485,197,14
3883,485,524,16
3884,485,103,8
3885,485,113,16
3886,485,440,10
3887,485,446,11
3888,486,67,3
3889,486,215,8
3890,486,264,4
3891,486,0,10
3892,486,490,6
3893,486,542,11
3894,486,394,10
3895,486,599,15
3896,487,519,4
3897,487,52,3
3898,487,492,3
3899,487,474,19
3900,487,535,4
3901,487,339,7
3902,487,206,9
3903,487,135,15
3904,488,472,6
3905,488,144,13
3906,488,27,17
3907,488,451,16
3908,488,95,13
3909,488,432,9
3910,488,305,7
3911,488,459,6
3912,489,292,14
3913,489,206,11
3914,489,560,18
3915,489,371,18
3916,489,363,13
3917,489,1,6
3918,489,144,16
3919,489,380,16
3920,490,268,18
3921,490,145,14
3922,490,290,15
3923,490,424,12
3924,490,119,1
3925,490,203,6
3926,490,513,12
3927,490,218,8
3928,491,165,14
3929,491,212,2
3930,491,478,19
3931,491,216,1
3932,491,468,4
3933,491,218,3
3934,491,21,7
3935,491,101,7
3936,492,213,12
3937,492,215,3
3938,492,320,19
3939,492,575,16
3940,492,350,15
3941,492,310,5
3942,492,419,16
3943,492,549,7
3944,493,214,2
3945,493,500,4
3946,493,200,13
3947,493,590,16
3948,493,522,1
3949,493,202,13
3950,493,80,13
3951,493,248,16
3952,494,83,3
3953,494,198,11
3954,494,468,9
3955,494,396,7
3956,494,131,5
3957,494,264,11
3958,494,530,5
3959,494,320,18
3960,495,315,10
3961,495,228,6
3962,495,205,6
3963,495,395,7
3964,495,551,7
3965,495,420,10
3966,495,529,8
3967,495,372,5
3968,496,276,9
3969,496,579,15
3970,496,496,18
3971,496,220,19
3972,496,5,6
3973,496,64,12
3974,496,214,2
3975,496,445,7
3976,497,28,16
3977,497,544,3
3978,497,505,3
3979,497,137,3
3980,497,261,19
3981,497,498,19
3982,497,580,14
3983,497,149,13
3984,498,573,1
3985,498,426,8
3986,498,453,14
3987,498,386,15
3988,498,508,4
3989,498,577,19
3990,498,425,1
3991,498,84,15
3992,499,432,4
3993,499,207,3
3994,499,394,11
3995,499,564,14
3996,499,308,7
3997,499,275,11
3998,499,39,19
3999,499,457,8
4000,500,246,5
4001,500,282,11
4002,500,503,3
4003,500,549,6
4004,500,521,13
4005,500,465,8
4006,500,556,5
4007,500,186,13
4008,501,106,18
4009,501,356,10
4010,501,151,4
4011,501,256,18
4012,501,117,14
4013,501,409,17
4014,501,445,10
4015,501,395,18
4016,502,114,3
4017,502,409,15
4018,502,301,1
4019,502,345,17
4020,502,558,19
4021,502,470,14
4022,502,263,6
4023,502,595,18
4024,503,264,19
4025,503,425,4
4026,503,491,16
4027,503,556,7
4028,503,56,6
4029,503,132,16
4030,503,360,2
4031,503,462,12
4032,504,557,5
4033,504,382,6
4034,504,324,6
4035,504,196,19
4036,504,218,14
4037,504,42,10
4038,504,227,8
4039,504,297,11
4040,505,438,8
4041,505,214,7
4042,505,368,3
4043,505,457,18
4044,505,155,7
4045,505,556,2
4046,505,410,4
4047,505,480,5
4048,506,268,2
4049,506,29,10
4050,506,343,3
4051,506,478,2
4052,506,580,6
4053,506,117,1
4054,506,66,3
4055,506,215,9
4056,507,312,8
4057,507,302,18
4058,507,327,17
4059,507,45,15
4060,507,176,14
4061,507,327,14
4062,507,74,14
4063,507,63,19
4064,508,565,7
4065,508,524,16
4066,508,451,3
4067,508,230,16
4068,508,146,6
4069,508,52,14
4070,508,2,4
4071,508,164,13
4072,509,503,3
4073,509,220,7
4074,509,6,2
4075,509,477,6
4076,509,436,3
4077,509,431,4
4078,509,21,17
4079,509,449,14
4080,510,251,15
4081,510,232,10
4082,510,445,18
4083,510,214,18
4084,510,540,10
4085,510,103,11
4086,510,276,9
4087,510,146,5
4088,511,497,9
4089,511,366,1
4090,511,590,2
4091,511,522,17
4092,511,377,11
4093,511,150,4
4094,511,404,9
4095,511,468,8
4096,512,217,2
4097,512,301,18
4098,512,547,13
4099,512,129,1
4100,512,351,11
4101,512,454,3
4102,512,112,5
4103,512,0,10
4104,513,333,19
4105,513,471,7
4106,513,211,17
4107,513,450,2
4108,513,285,1
4109,513,367,14
4110,513,497,6
4111,513,468,12
4112,514,404,5
4113,514,203,4
4114,514,485,8
4115,514,171,6
4116,514,533,15
4117,514,398,5
4118,514,431,1
4119,514,402,5
4120,515,34,12
4121,515,23,8
4122,515,298,12
4123,515,62,18
4124,515,167,7
4125,515,418,1
4126,515,284,16
4127,515,389,19
4128,516,513,17
4129,516,29,12
4130,516,520,1
4131,516,344,10
4132,516,346,18
4133,516,70,14
4134,516,116,19
4135,516,413,6
4136,517,390,17
4137,517,27,16
4138,517,85,17
4139,517,481,15
4140,517,562,5
4141,517,505,3
4142,517,402,4
4143,517,388,15
4144,518,260,18
4145,518,530,19
4146,518,219,19
4147,518,525,5
4148,518,57,18
4149,518,523,9
4150,518,227,8
4151,518,579,6
4152,519,293,18
4153,519,128,1
4154,519,259,6
4155,519,89,15
4156,519,523,1
4157,519,41,11
4158,519,425,5
4159,519,412,18
4160,520,384,15
4161,520,313,13
4162,520,389,14
4163,520,70,10
4164,520,180,19
4165,520,361,15
4166,520,567,14
4167,520,178,1
4168,521,223,12
4169,521,78,8
4170,521,163,9
4171,521,209,14
4172,521,528,18
4173,521,365,2
4174,521,310,4
4175,521,521,5
4176,522,209,8
4177,522,377,19
4178,522,347,2
4179,522,582,7
4180,522,278,14
4181,522,318,16
4182,522,593,3
4183,522,21,8
4184,523,476,18
4185,523,152,2
4186,523,548,16
4187,523,147,10
4188,523,158,3
4189,523,390,4
4190,523,184,19
4191,523,164,14
4192,524,152,15
4193,524,416,4
4194,524,154,7
4195,524,416,3
4196,524,303,15
4197,524,189,11
4198,524,484,11
4199,524,1,7
4200,525,149,6
4201,525,516,12
4202,525,475,10
4203,525,176,16
4204,525,114,4
4205,525,213,2
4206,525,281,13
4207,525,1,11
4208,526,176,12
4209,526,50,6
4210,526,586,13
4211,526,146,8
4212,526,299,12
4213,526,111,13
4214,526,555,11
4215,526,391,9
4216,527,478,15
4217,527,149,4
4218,527,370,11
4219,527,472,19
4220,527,191,18
4221,527,68,16
4222,527,436,5
4223,527,281,16
4224,528,206,11
4225,528,228,6
4226,528,266,1
4227,528,371,16
4228,528,241,12
4229,528,192,15
4230,528,219,14
4231,528,293,1
4232,529,514,18
4233,529,103,2
4234,529,420,1
4235,529,202,1
4236,529,393,9
4237,529,30,17
4238,529,322,4
4239,529,561,14
4240,530,81,19
4241,530,565,14
4242,530,136,18
4243,530,284,14
4244,530,33,1
4245,530,290,7
4246,530,105,2
4247,530,437,11
4248,531,162,5
4249,531,328,19
4250,531,332,17
4251,531,356,6
4252,531,413,19
4253,531,476,10
4254,531,440,4
4255,531,181,3
4256,532,267,16
4257,532,436,8
4258,532,291,1
4259,532,574,1
4260,532,258,3
4261,532,547,1
4262,532,123,5
4263,532,133,6
4264,533,363,14
4265,533,236,5
4266,533,430,12
4267,533,143,15
4268,533,445,2
4269,533,283,3
4270,533,259,3
4271,533,92,5
4272,534,311,3
4273,534,219,6
4274,534,550,7
4275,534,498,16
4276,534,66,5
4277,534,267,4
4278,534,75,2
4279,534,366,17
4280,535,425,14
4281,535,20,13
4282,535,510,15
4283,535,118,7
4284,535,361,17
4285,535,587,18
4286,535,107,1
4287,535,26,11
4288,536,455,2
4289,536,289,17
4290,536,586,3
4291,536,484,11
4292,536,29,9
4293,536,545,12
4294,536,422,7
4295,536,444,13
4296,537,310,2
4297,537,321,19
4298,537,42,17
4299,537,72,11
4300,537,227,15
4301,537,288,17
4302,537,207,17
4303,537,21,1
4304,538,390,4
4305,538,158,12
4306,538,202,18
4307,538,95,1
4308,538,330,8
4309,538,449,14
4310,538,199,18
4311,538,204,16
4312,539,65,6
4313,539,247,10
4314,539,320,8
4315,539,71,8
4316,539,380,10
4317,539,106,17
4318,539,472,18
4319,539,297,12
4320,540,565,16
4321,540,171,12
4322,540,360,10
4323,540,345,5
4324,540,310,4
4325,540,553,13
4326,540,478,2
4327,540,555,3
4328,541,7,9
4329,541,340,18
4330,541,167,7
4331,541,439,11
4332,541,443,5
4333,541,186,2
4334,541,438,18
4335,541,75,16
4336,542,46,15
4337,542,347,13
4338,542,156,18
4339,542,153,16
4340,542,568,13
4341,542,9,3
4342,542,184,1
4343,542,576,15
4344,543,454,15
4345,543,292,8
4346,543,185,13
4347,543,95,13
4348,543,298,16
4349,543,249,16
4350,543,559,3
4351,543,159,15
4352,544,526,9
4353,544,569,9
4354,544,548,14
4355,544,160,8
4356,544,402,5
4357,544,387,19
4358,544,461,13
4359,544,171,4
4360,545,412,15
4361,545,416,2
4362,545,557,8
4363,545,441,2
4364,545,10,12
4365,545,506,4
4366,545,46,16
4367,545,251,10
4368,546,280,18
4369,546,334,3
4370,546,435,4
4371,546,89,9
4372,546,207,4
4373,546,50,5
4374,546,183,17
4375,546,464,12
4376,547,4,13
4377,547,264,9
4378,547,202,10
4379,547,400,13
4380,547,492,6
4381,547,304,10
4382,547,254,19
4383,547,31,4
4384,548,277,9
4385,548,438,16
4386,548,79,14
4387,548,455,7
4388,548,422,3
4389,548,83,9
4390,548,20,8
4391,548,147,14
4392,549,57,18
4393,549,389,9
4394,549,274,9
4395,549,596,19
4396,549,130,2
4397,549,537,11
4398,549,424,4
4399,549,381,19
4400,550,236,5
4401,550,25,19
4402,550,489,1
4403,550,231,10
4404,550,24,2
4405,550,176,8
4406,550,56,2
4407,550,382,4
4408,551,35,4
4409,551,70,8
4410,551,15,16
4411,551,498,16
4412,551,554,4
4413,551,201,8
4414,551,170,18
4415,551,556,2
4416,552,234,5
4417,552,374,4
4418,552,542,3
4419,552,53,1
4420,552,574,18
4421,552,57,12
4422,552,548,15
4423,552,249,2
4424,553,319,6
4425,553,577,9
4426,553,559,19
4427,553,504,10
4428,553,557,7
4429,553,297,3
4430,553,323,17
4431,553,309,11
4432,554,67,14
4433,554,448,1
4434,554,266,4
4435,554,186,8
4436,554,214,10
4437,554,464,12
4438,554,446,7
4439,554,144,17
4440,555,446,11
4441,555,186,3
4442,555,481,10
4443,555,574,3
4444,555,367,14
4445,555,86,5
4446,555,316,12
4447,555,367,7
4448,556,556,7
4449,556,382,12
4450,556,59,19
4451,556,435,9
4452,556,414,5
4453,556,84,3
4454,556,253,6
4455,556,530,7
4456,557,486,10
4457,557,151,9
4458,557,502,8
4459,557,222,9
4460,557,66,4
4461,557,98,18
4462,557,528,14
4463,557,52,8
4464,558,207,4
4465,558,326,11
4466,558,77,2
4467,558,206,17
4468,558,263,15
4469,558,427,14
4470,558,243,14
4471,558,232,2
4472,559,182,12
4473,559,19,10
4474,559,538,12
4475,559,449,10
4476,559,564,14
4477,559,482,13
4478,559,569,15
4479,559,457,2
4480,560,418,8
4481,560,42,6
4482,560,350,17
4483,560,516,7
4484,560,521,5
4485,560,59,9
4486,560,25,15
4487,560,292,18
4488,561,28,10
4489,561,300,7
4490,561,508,4
4491,561,430,1
4492,561,520,17
4493,561,118,8
4494,561,123,18
4495,561,571,3
4496,562,38,16
4497,562,442,11
4498,562,468,10
4499,562,159,12
4500,562,11,5
4501,562,385,19
4502,562,56,5
4503,562,164,18
4504,563,105,4
4505,563,482,7
4506,563,77,3
4507,563,353,10
4508,563,7,1
4509,563,65,10
4510,563,538,9
4511,563,149,3
4512,564,276,2
4513,564,482,1
4514,564,3,2
4515,564,412,9
4516,564,566,14
4517,564,172,2
4518,564,307,5
4519,564,62,3
4520,565,264,14
4521,565,201,2
4522,565,368,1
4523,565,201,4
4524,565,142,3
4525,565,571,5
4526,565,563,16
4527,565,341,8
4528,566,159,11
4529,566,207,11
4530,566,288,3
4531,566,299,15
4532,566,125,8
4533,566,436,15
4534,566,277,6
4535,566,463,9
4536,567,460,19
4537,567,558,11
4538,567,407,7
4539,567,493,12
4540,567,449,8
4541,567,27,11
4542,567,39,16
4543,567,264,12
4544,568,539,6
4545,568,342,19
4546,568,343,8
4547,568,405,6
4548,568,379,3
4549,568,471,9
4550,568,361,17
4551,568,553,11
4552,569,33,16
4553,569,187,5
4554,569,328,12
4555,569,168,3
4556,569,583,17
4557,569,71,15
4558,569,138,2
4559,569,322,6
4560,570,455,2
4561,570,234,1
4562,570,155,1
4563,570,232,7
4564,570,167,18
4565,570,24,16
4566,570,358,11
4567,570,428,9
4568,571,144,10
4569,571,474,4
4570,571,526,9
4571,571,21,18
4572,571,402,8
4573,571,47,1
4574,571,156,10
4575,571,287,5
4576,572,236,2
4577,572,148,17
4578,572,502,8
4579,572,516,13
4580,572,420,14
4581,572,433,4
4582,572,540,4
4583,572,440,16
4584,573,359,2
4585,573,119,9
4586,573,357,17
4587,573,293,1
4588,573,187,14
4589,573,6,9
4590,573,447,11
4591,573,519,2
4592,574,564,12
4593,574,103,19
4594,574,531,1
4595,574,286,17
4596,574,260,15
4597,574,503,1
4598,574,469,17
4599,574,100,19
4600,575,178,8
4601,575,64,7
4602,575,591,1
4603,575,203,15
4604,575,412,14
4605,575,263,1
4606,575,118,5
4607,575,341,6
4608,576,482,15
4609,576,75,13
4610,576,286,3
4611,576,73,19
4612,576,444,6
4613,576,335,16
4614,576,355,3
4615,576,123,18
4616,577,124,4
4617,577,150,17
4618,577,14,19
4619,577,38,9
4620,577,466,10
4621,577,502,9
4622,577,263,11
4623,577,162,9
4624,578,350,3
4625,578,330,7
4626,578,384,13
4627,578,478,19
4628,578,361,1
4629,578,512,18
4630,578,176,12
4631,578,431,13
4632,579,572,5
4633,579,142,7
4634,579,582,16
4635,579,388,1
4636,579,523,18
4637,579,233,5
4638,579,160,5
4639,579,152,14
4640,580,154,16
4641,580,122,5
4642,580,43,11
4643,580,278,1
4644,580,576,10
4645,580,221,3
4646,580,142,16
4647,580,98,16
4648,581,135,5
4649,581,295,2
4650,581,120,3
4651,581,332,14
4652,581,564,16
4653,581,596,4
4654,581,202,13
4655,581,267,8
4656,582,367,10
4657,582,135,13
4658,582,59,5
4659,582,88,15
4660,582,127,2
4661,582,341,1
4662,582,106,6
4663,582,454,9
4664,583,195,10
4665,583,270,12
4666,583,176,13
4667,583,576,16
4668,583,146,11
4669,583,313,3
4670,583,196,1
4671,583,419,19
4672,584,553,2
4673,584,274,15
4674,584,533,7
4675,584,177,10
4676,584,572,14
4677,584,68,17
4678,584,334,16
4679,584,529,2
4680,585,591,1
4681,585,4,3
4682,585,223,1
4683,585,139,15
4684,585,126,12
4685,585,201,16
4686,585,195,16
4687,585,205,7
4688,586,530,5
4689,586,13,10
4690,586,549,15
4691,586,222,8
4692,586,584,11
4693,586,299,12
4694,586,15,19
4695,586,453,1
4696,587,246,17
4697,587,125,18
4698,587,412,18
4699,587,388,17
4700,587,329,7
4701,587,18,19
4702,587,291,10
4703,587,580,6
4704,588,475,12
4705,588,78,3
4706,588,399,17
4707,588,428,6
4708,588,295,4
4709,588,560,3
4710,588,129,3
4711,588,209,4
4712,589,355,16
4713,589,124,7
4714,589,272,10
4715,589,228,10
4716,589,371,9
4717,589,277,16
4718,589,553,9
4719,589,278,2
4720,590,584,15
4721,590,101,3
4722,590,362,1
4723,590,382,16
4724,590,396,11
4725,590,286,1
4726,590,458,3
4727,590,328,10
4728,591,517,2
4729,591,269,1
4730,591,563,1
4731,591,435,7
4732,591,26,2
4733,591,596,16
4734,591,520,2
4735,591,187,9
4736,592,280,18
4737,592,5,14
4738,592,231,7
4739,592,471,4
4740,592,178,19
4741,592,253,1
4742,592,355,3
4743,592,338,6
4744,593,419,10
4745,593,73,19
4746,593,480,14
4747,593,343,5
4748,593,353,11
4749,593,2,10
4750,593,37,7
4751,593,77,18
4752,594,572,7
4753,594,349,19
4754,594,189,14
4755,594,438,17
4756,594,534,8
4757,594,557,9
4758,594,257,13
4759,594,366,12
4760,595,469,17
4761,595,516,7
4762,595,402,16
4763,595,84,1
4764,595,163,11
4765,595,392,11
4766,595,246,10
4767,595,269,4
4768,596,562,15
4769,596,422,16
4770,596,38,18
4771,596,497,10
4772,596,498,19
4773,596,544,3
4774,596,346,14
4775,596,483,13
4776,597,178,11
4777,597,407,7
4778,597,597,4
4779,597,569,10
4780,597,440,15
4781,597,533,10
4782,597,527,17
4783,597,460,12
4784,598,104,2
4785,598,85,19
4786,598,374,6
4787,598,192,5
4788,598,545,17
4789,598,93,5
4790,598,570,17
4791,598,209,13
4792,599,296,5
4793,599,105,5
4794,599,72,12
4795,599,29,2
4796,599,511,16
4797,599,421,2
4798,599,386,3
4799,599,501,12